0 0.7986577181208053 0.6466666666666667 0.174496644295302 0.33333333333333337
0 0.6073825503355704 0.6733333333333333 0.18120805369127516 0.33333333333333337
0 0.41946308724832215 0.6866666666666668 0.18120805369127516 0.33333333333333337
0 0.22147651006711408 0.7000000000000001 0.18791946308724833 0.33333333333333337
0 0.30201342281879195 0.42000000000000004 0.10738255033557047 0.2
0 0.6845637583892618 0.38 0.1476510067114094 0.2
0 0.5402684563758389 0.39333333333333337 0.11409395973154363 0.2
0 0.6577181208053691 0.2066666666666667 0.06711409395973154 0.14666666666666667
0 0.41946308724832215 0.4133333333333334 0.11409395973154363 0.18666666666666668
0 0.5637583892617449 0.21333333333333335 0.06711409395973154 0.13333333333333333
0 0.7348993288590604 0.2066666666666667 0.0738255033557047 0.14666666666666667
