0 0.5069444444444444 0.4722222222222222 0.06944444444444445 0.38888888888888884
0 0.5833333333333333 0.4722222222222222 0.08333333333333333 0.38888888888888884
0 0.6944444444444444 0.4722222222222222 0.06944444444444445 0.38888888888888884
0 0.4409722222222222 0.4722222222222222 0.0625 0.38888888888888884
0 0.37152777777777773 0.5 0.0625 0.38888888888888884
0 0.3020833333333333 0.5277777777777778 0.0625 0.38888888888888884
0 0.10763888888888888 0.5972222222222222 0.07638888888888888 0.41666666666666663
0 0.2361111111111111 0.5555555555555556 0.06944444444444445 0.38888888888888884
0 0.7604166666666666 0.5 0.0625 0.38888888888888884
0 0.17013888888888887 0.5694444444444444 0.0625 0.41666666666666663
0 0.8819444444444444 0.5 0.06944444444444445 0.38888888888888884
0 0.8194444444444444 0.5 0.06944444444444445 0.38888888888888884
0 0.47916666666666663 0.1111111111111111 0.09722222222222221 0.2222222222222222
