0 0.39010989010989017 0.6311475409836066 0.2087912087912088 0.3114754098360656
0 0.7802197802197803 0.5655737704918034 0.19780219780219782 0.3114754098360656
0 0.5879120879120879 0.6065573770491803 0.18681318681318682 0.29508196721311475
0 0.19780219780219782 0.6803278688524591 0.19780219780219782 0.3442622950819672
0 0.30219780219780223 0.3770491803278689 0.07692307692307693 0.19672131147540983
0 0.37912087912087916 0.36885245901639346 0.07692307692307693 0.21311475409836067
0 0.2197802197802198 0.39344262295081966 0.08791208791208792 0.22950819672131148
0 0.4450549450549451 0.36885245901639346 0.07692307692307693 0.21311475409836067
0 0.521978021978022 0.3278688524590164 0.07692307692307693 0.19672131147540983
0 0.5714285714285715 0.3278688524590164 0.08791208791208792 0.19672131147540983
