0 0.6495726495726496 0.5294117647058824 0.07692307692307693 0.38235294117647056
0 0.7948717948717949 0.5073529411764706 0.05982905982905984 0.3676470588235294
0 0.8504273504273505 0.4852941176470588 0.05982905982905984 0.38235294117647056
0 0.732905982905983 0.5147058823529411 0.06410256410256411 0.38235294117647056
0 0.9123931623931625 0.47058823529411764 0.06410256410256411 0.38235294117647056
0 0.576923076923077 0.5514705882352942 0.05128205128205129 0.3676470588235294
0 0.4786324786324787 0.5735294117647058 0.05128205128205129 0.3529411764705882
0 0.5277777777777778 0.5661764705882353 0.047008547008547015 0.3676470588235294
0 0.2820512820512821 0.6102941176470588 0.05982905982905984 0.39705882352941174
0 0.3547008547008547 0.5955882352941176 0.05128205128205129 0.3676470588235294
0 0.4102564102564103 0.5808823529411765 0.05128205128205129 0.3382352941176471
