0 0.384 0.6594202898550725 0.192 0.3333333333333333
0 0.784 0.6956521739130435 0.192 0.34782608695652173
0 0.58 0.6811594202898551 0.184 0.37681159420289856
0 0.188 0.6376811594202899 0.184 0.34782608695652173
0 0.548 0.34057971014492755 0.07200000000000001 0.21739130434782608
0 0.62 0.34782608695652173 0.07200000000000001 0.2318840579710145
0 0.47600000000000003 0.3333333333333333 0.07200000000000001 0.2318840579710145
0 0.776 0.36231884057971014 0.08 0.2318840579710145
0 0.4 0.32608695652173914 0.08 0.2463768115942029
0 0.228 0.30434782608695654 0.088 0.2898550724637681
0 0.6960000000000001 0.36231884057971014 0.08 0.2318840579710145
0 0.312 0.31884057971014496 0.08 0.2608695652173913
