0 0.18807339449541285 0.6893203883495145 0.2018348623853211 0.3106796116504854
0 0.6123853211009175 0.6699029126213591 0.20642201834862386 0.3495145631067961
0 0.39220183486238536 0.6844660194174756 0.20642201834862386 0.3398058252427184
0 0.8279816513761469 0.6359223300970873 0.21559633027522937 0.3203883495145631
0 0.38990825688073394 0.33009708737864074 0.07339449541284404 0.27184466019417475
0 0.7752293577981652 0.2912621359223301 0.10091743119266056 0.2912621359223301
0 0.6903669724770642 0.3106796116504854 0.06880733944954129 0.2912621359223301
0 0.6192660550458716 0.30097087378640774 0.07339449541284404 0.27184466019417475
0 0.31422018348623854 0.34466019417475724 0.0779816513761468 0.30097087378640774
0 0.4839449541284404 0.3203883495145631 0.0779816513761468 0.27184466019417475
0 0.5527522935779817 0.3106796116504854 0.06880733944954129 0.27184466019417475
0 0.21788990825688076 0.3495145631067961 0.0963302752293578 0.3106796116504854
