0 0.7675675675675676 0.6115384615384616 0.10270270270270271 0.3307692307692308
0 0.4175675675675676 0.3384615384615385 0.17567567567567569 0.3230769230769231
0 0.654054054054054 0.6153846153846154 0.11891891891891893 0.3076923076923077
0 0.5824324324324325 0.3269230769230769 0.10540540540540541 0.3153846153846154
0 0.5391891891891892 0.6230769230769231 0.1 0.3076923076923077
0 0.41216216216216217 0.65 0.12702702702702703 0.3153846153846154
0 0.7297297297297298 0.3076923076923077 0.1837837837837838 0.35384615384615387
0 0.15135135135135136 0.5538461538461539 0.16756756756756758 0.47692307692307695
0 0.024324324324324326 0.5538461538461539 0.04864864864864865 0.4461538461538462
0 0.05810810810810811 0.55 0.11621621621621622 0.43846153846153846
