0 0.7956989247311829 0.6557377049180328 0.15053763440860216 0.26229508196721313
0 0.34946236559139787 0.6885245901639344 0.16129032258064518 0.26229508196721313
0 0.6451612903225807 0.6557377049180328 0.15053763440860216 0.26229508196721313
0 0.7526881720430109 0.45081967213114754 0.10752688172043012 0.18032786885245902
0 0.3064516129032258 0.4672131147540984 0.09677419354838711 0.18032786885245902
0 0.6612903225806452 0.45901639344262296 0.09677419354838711 0.1639344262295082
0 0.5752688172043011 0.45901639344262296 0.07526881720430108 0.1639344262295082
0 0.39247311827956993 0.4672131147540984 0.09677419354838711 0.18032786885245902
0 0.5 0.45901639344262296 0.09677419354838711 0.1639344262295082
0 0.4408602150537635 0.319672131147541 0.10752688172043012 0.14754098360655737
0 0.5537634408602151 0.29508196721311475 0.09677419354838711 0.19672131147540983
0 0.2903225806451613 0.319672131147541 0.12903225806451613 0.14754098360655737
0 0.48924731182795705 0.6557377049180328 0.13978494623655915 0.26229508196721313
0 0.6505376344086022 0.30327868852459017 0.11827956989247312 0.18032786885245902
