0 0.7428571428571429 0.6617647058823529 0.20952380952380956 0.29411764705882354
0 0.3523809523809524 0.6617647058823529 0.1904761904761905 0.29411764705882354
0 0.5476190476190477 0.6544117647058824 0.2 0.3088235294117647
0 0.16666666666666669 0.6617647058823529 0.18095238095238098 0.29411764705882354
0 0.30952380952380953 0.25735294117647056 0.14285714285714288 0.16176470588235295
0 0.4428571428571429 0.25735294117647056 0.10476190476190478 0.16176470588235295
0 0.29523809523809524 0.4117647058823529 0.1142857142857143 0.14705882352941177
0 0.680952380952381 0.4264705882352941 0.14285714285714288 0.1764705882352941
0 0.6714285714285715 0.25735294117647056 0.08571428571428572 0.16176470588235295
0 0.4142857142857143 0.41911764705882354 0.10476190476190478 0.16176470588235295
0 0.580952380952381 0.25735294117647056 0.0761904761904762 0.16176470588235295
0 0.5380952380952382 0.41911764705882354 0.12380952380952381 0.16176470588235295
