0 0.763157894736842 0.6086956521739131 0.17543859649122806 0.31884057971014496
0 0.39473684210526316 0.6159420289855072 0.17543859649122806 0.30434782608695654
0 0.5745614035087719 0.6159420289855072 0.18421052631578946 0.30434782608695654
0 0.2149122807017544 0.6376811594202899 0.18421052631578946 0.31884057971014496
0 0.6096491228070176 0.2971014492753623 0.07894736842105263 0.15942028985507248
0 0.5350877192982456 0.2898550724637681 0.07017543859649122 0.14492753623188406
0 0.6842105263157894 0.2971014492753623 0.07017543859649122 0.15942028985507248
0 0.6403508771929824 0.427536231884058 0.12280701754385964 0.13043478260869565
0 0.3070175438596491 0.43478260869565216 0.08771929824561403 0.11594202898550725
0 0.5219298245614035 0.42028985507246375 0.09649122807017543 0.11594202898550725
