0 0.5975609756097561 0.7028301886792453 0.21951219512195122 0.27358490566037735
0 0.39634146341463417 0.7122641509433962 0.1951219512195122 0.29245283018867924
0 0.8109756097560976 0.6886792452830188 0.20731707317073172 0.3018867924528302
0 0.19207317073170732 0.7311320754716981 0.21341463414634146 0.29245283018867924
0 0.6829268292682927 0.4245283018867924 0.15853658536585366 0.20754716981132074
0 0.5457317073170732 0.2358490566037736 0.09146341463414634 0.16981132075471697
0 0.38109756097560976 0.4433962264150943 0.10365853658536586 0.20754716981132074
0 0.49085365853658536 0.4386792452830188 0.11585365853658537 0.21698113207547168
0 0.27439024390243905 0.4528301886792453 0.10975609756097561 0.18867924528301885
0 0.7408536585365854 0.21698113207547168 0.07926829268292683 0.16981132075471697
0 0.6615853658536586 0.22641509433962265 0.07926829268292683 0.16981132075471697
