0 0.6061946902654867 0.6458333333333333 0.18584070796460178 0.2638888888888889
0 0.7876106194690266 0.6875 0.17699115044247787 0.29166666666666663
0 0.22123893805309736 0.6041666666666666 0.1592920353982301 0.2361111111111111
0 0.39823008849557523 0.6388888888888888 0.19469026548672566 0.2777777777777778
0 0.5929203539823009 0.4583333333333333 0.12389380530973451 0.16666666666666666
0 0.3274336283185841 0.4305555555555555 0.08849557522123894 0.1388888888888889
0 0.4690265486725664 0.45138888888888884 0.08849557522123894 0.15277777777777776
0 0.3893805309734513 0.4305555555555555 0.07079646017699115 0.1388888888888889
0 0.6725663716814159 0.3194444444444444 0.10619469026548672 0.16666666666666666
0 0.5486725663716814 0.2986111111111111 0.08849557522123894 0.15277777777777776
0 0.6283185840707964 0.3194444444444444 0.07079646017699115 0.16666666666666666
