0 0.5742857142857143 0.5217391304347826 0.08571428571428572 0.5217391304347826
0 0.7028571428571428 0.5108695652173912 0.06857142857142857 0.5
0 0.8257142857142857 0.5217391304347826 0.06285714285714286 0.4782608695652174
0 0.12 0.6739130434782609 0.11428571428571428 0.2608695652173913
0 0.24285714285714285 0.41304347826086957 0.09714285714285714 0.34782608695652173
0 0.7657142857142857 0.5108695652173912 0.06857142857142857 0.45652173913043476
0 0.12285714285714286 0.40217391304347827 0.13142857142857142 0.32608695652173914
0 0.8914285714285715 0.5217391304347826 0.06857142857142857 0.4782608695652174
0 0.5 0.532608695652174 0.06285714285714286 0.5
0 0.3942857142857143 0.5217391304347826 0.05714285714285714 0.5217391304347826
0 0.24285714285714285 0.6847826086956521 0.13142857142857142 0.2826086956521739
0 0.44857142857142857 0.5217391304347826 0.05142857142857143 0.5217391304347826
