0 0.396 0.6385542168674699 0.184 0.3373493975903615
0 0.784 0.6204819277108434 0.192 0.3734939759036145
0 0.584 0.6204819277108434 0.20800000000000002 0.3493975903614458
0 0.2 0.6626506024096386 0.20800000000000002 0.3373493975903615
0 0.772 0.30120481927710846 0.10400000000000001 0.21686746987951808
0 0.616 0.3253012048192771 0.08 0.21686746987951808
0 0.6920000000000001 0.31927710843373497 0.07200000000000001 0.20481927710843376
0 0.388 0.3433734939759036 0.07200000000000001 0.22891566265060243
0 0.464 0.3373493975903615 0.08 0.21686746987951808
0 0.54 0.3253012048192771 0.07200000000000001 0.21686746987951808
0 0.308 0.3674698795180723 0.088 0.22891566265060243
0 0.20400000000000001 0.3674698795180723 0.12 0.22891566265060243
