0 0.6653992395437263 0.5491803278688525 0.060836501901140684 0.5737704918032788
0 0.7756653992395437 0.5573770491803279 0.053231939163498096 0.5245901639344263
0 0.5722433460076045 0.5573770491803279 0.049429657794676805 0.5573770491803279
0 0.6140684410646388 0.5573770491803279 0.049429657794676805 0.5573770491803279
0 0.7281368821292775 0.5491803278688525 0.049429657794676805 0.5409836065573771
0 0.3269961977186312 0.5573770491803279 0.060836501901140684 0.5901639344262295
0 0.5228136882129277 0.5573770491803279 0.049429657794676805 0.5573770491803279
0 0.8212927756653993 0.5491803278688525 0.053231939163498096 0.5409836065573771
0 0.3992395437262357 0.5491803278688525 0.060836501901140684 0.5737704918032788
0 0.870722433460076 0.5573770491803279 0.060836501901140684 0.5573770491803279
0 0.4600760456273764 0.5573770491803279 0.053231939163498096 0.5573770491803279
