0 0.6198501872659176 0.4666666666666667 0.09363295880149813 0.5333333333333333
0 0.7134831460674157 0.4583333333333333 0.06367041198501873 0.55
0 0.8333333333333334 0.43333333333333335 0.06367041198501873 0.5333333333333333
0 0.5187265917602997 0.475 0.06367041198501873 0.5166666666666666
0 0.7752808988764045 0.43333333333333335 0.0599250936329588 0.5333333333333333
0 0.27902621722846443 0.5166666666666666 0.07116104868913858 0.5333333333333333
0 0.3464419475655431 0.5083333333333333 0.056179775280898875 0.55
0 0.19288389513108614 0.525 0.07116104868913858 0.55
0 0.4044943820224719 0.48333333333333334 0.0599250936329588 0.5333333333333333
0 0.45880149812734083 0.475 0.056179775280898875 0.5166666666666666
0 0.8932584269662921 0.4583333333333333 0.06367041198501873 0.5833333333333334
0 0.11235955056179775 0.5583333333333333 0.08239700374531836 0.5833333333333334
