0 0.8030973451327433 0.45121951219512196 0.08407079646017698 0.24390243902439024
0 0.47787610619469023 0.46951219512195125 0.05309734513274336 0.23170731707317074
0 0.6084070796460177 0.4634146341463415 0.05752212389380531 0.24390243902439024
0 0.7168141592920354 0.46951219512195125 0.061946902654867256 0.25609756097560976
0 0.5353982300884955 0.4634146341463415 0.061946902654867256 0.24390243902439024
0 0.6017699115044248 0.8048780487804879 0.17699115044247787 0.3902439024390244
0 0.3938053097345133 0.475609756097561 0.061946902654867256 0.2682926829268293
0 0.661504424778761 0.4634146341463415 0.048672566371681415 0.24390243902439024
0 0.8030973451327433 0.8048780487804879 0.2079646017699115 0.3902439024390244
0 0.4026548672566372 0.7987804878048781 0.20353982300884954 0.32926829268292684
