0 0.4747474747474748 0.6923076923076923 0.24242424242424243 0.2153846153846154
0 0.7373737373737375 0.5230769230769231 0.12121212121212122 0.18461538461538463
0 0.2272727272727273 0.6615384615384616 0.23232323232323235 0.2153846153846154
0 0.21717171717171718 0.47692307692307695 0.11111111111111112 0.18461538461538463
0 0.7424242424242425 0.7230769230769232 0.23232323232323235 0.2153846153846154
0 0.32323232323232326 0.47692307692307695 0.10101010101010102 0.18461538461538463
0 0.6212121212121212 0.5076923076923077 0.09090909090909091 0.18461538461538463
0 0.43434343434343436 0.47692307692307695 0.10101010101010102 0.18461538461538463
0 0.5303030303030304 0.5 0.09090909090909091 0.16923076923076924
0 0.32323232323232326 0.30000000000000004 0.16161616161616163 0.2
