0 0.7665706051873198 0.6187050359712231 0.10374639769452448 0.2733812949640288
0 0.6613832853025936 0.6294964028776979 0.10086455331412103 0.28057553956834536
0 0.3227665706051873 0.7014388489208634 0.09798270893371758 0.3669064748201439
0 0.5590778097982708 0.6438848920863309 0.10374639769452448 0.28057553956834536
0 0.14265129682997119 0.683453237410072 0.09510086455331411 0.28776978417266186
0 0.8731988472622478 0.6187050359712231 0.10374639769452448 0.2733812949640288
0 0.43948126801152737 0.6726618705035972 0.13544668587896252 0.3381294964028777
0 0.23198847262247838 0.6690647482014389 0.0893371757925072 0.28776978417266186
0 0.4711815561959654 0.32374100719424465 0.09510086455331411 0.34532374100719426
0 0.6902017291066282 0.2841726618705036 0.11815561959654178 0.2949640287769784
0 0.824207492795389 0.28057553956834536 0.1095100864553314 0.2733812949640288
0 0.2132564841498559 0.2949640287769784 0.20749279538904897 0.37410071942446044
