0 0.4708994708994709 0.6625000000000001 0.17989417989417988 0.25
0 0.7857142857142857 0.44375000000000003 0.0582010582010582 0.1875
0 0.8227513227513227 0.7312500000000001 0.1746031746031746 0.2625
0 0.6481481481481481 0.7000000000000001 0.164021164021164 0.225
0 0.291005291005291 0.64375 0.15873015873015872 0.2625
0 0.7301587301587301 0.43125 0.05291005291005291 0.1875
0 0.8492063492063492 0.45625000000000004 0.06878306878306878 0.1875
0 0.4629629629629629 0.3875 0.0582010582010582 0.2
0 0.6746031746031745 0.41875 0.0582010582010582 0.1875
0 0.5978835978835979 0.41875 0.05291005291005291 0.1875
0 0.537037037037037 0.40625 0.0582010582010582 0.1875
