0 0.37912087912087916 0.6619718309859155 0.2087912087912088 0.28169014084507044
0 0.1675824175824176 0.6549295774647887 0.20329670329670332 0.29577464788732394
0 0.8104395604395606 0.6408450704225352 0.2142857142857143 0.29577464788732394
0 0.5961538461538461 0.647887323943662 0.20329670329670332 0.28169014084507044
0 0.6016483516483517 0.45774647887323944 0.09340659340659341 0.18309859154929578
0 0.3516483516483517 0.4647887323943662 0.08791208791208792 0.16901408450704225
0 0.4340659340659341 0.45774647887323944 0.07692307692307693 0.15492957746478875
0 0.5082417582417583 0.45774647887323944 0.07142857142857144 0.18309859154929578
0 0.6126373626373627 0.2887323943661972 0.08241758241758243 0.18309859154929578
0 0.5247252747252747 0.2887323943661972 0.07142857142857144 0.18309859154929578
