0 0.48404255319148937 0.6909090909090909 0.26595744680851063 0.2545454545454545
0 0.776595744680851 0.6545454545454545 0.2553191489361702 0.2909090909090909
0 0.22872340425531915 0.7090909090909091 0.26595744680851063 0.2545454545454545
0 0.3191489361702128 0.509090909090909 0.10638297872340426 0.18181818181818182
0 0.6436170212765957 0.4727272727272727 0.13829787234042554 0.18181818181818182
0 0.6702127659574468 0.2909090909090909 0.0851063829787234 0.18181818181818182
0 0.5478723404255319 0.32727272727272727 0.09574468085106383 0.18181818181818182
0 0.5159574468085106 0.4818181818181818 0.11702127659574468 0.19999999999999998
0 0.4202127659574468 0.5 0.09574468085106383 0.16363636363636364
0 0.7606382978723404 0.2909090909090909 0.07446808510638298 0.18181818181818182
