0 0.5702247191011236 0.5086206896551724 0.05056179775280899 0.25862068965517243
0 0.7134831460674157 0.47413793103448276 0.06741573033707865 0.29310344827586204
0 0.3792134831460674 0.5517241379310345 0.06179775280898876 0.27586206896551724
0 0.4550561797752809 0.5344827586206896 0.056179775280898875 0.27586206896551724
0 0.7808988764044944 0.47413793103448276 0.056179775280898875 0.29310344827586204
0 0.6179775280898876 0.5 0.0449438202247191 0.27586206896551724
0 0.9129213483146067 0.46551724137931033 0.05056179775280899 0.3103448275862069
0 0.5028089887640449 0.5258620689655172 0.05056179775280899 0.25862068965517243
0 0.8342696629213483 0.46551724137931033 0.06179775280898876 0.3103448275862069
0 0.6601123595505618 0.5 0.03932584269662921 0.27586206896551724
0 0.1095505617977528 0.6120689655172413 0.10674157303370786 0.43103448275862066
0 0.8651685393258427 0.4568965517241379 0.0449438202247191 0.29310344827586204
