0 0.4393939393939394 0.6037735849056604 0.13636363636363635 0.3773584905660377
0 0.5606060606060607 0.6037735849056604 0.10606060606060606 0.3773584905660377
0 0.32575757575757575 0.6226415094339622 0.10606060606060606 0.3773584905660377
0 0.6666666666666667 0.5660377358490566 0.10606060606060606 0.3773584905660377
0 0.7727272727272727 0.5660377358490566 0.10606060606060606 0.3773584905660377
0 0.8787878787878788 0.5566037735849056 0.10606060606060606 0.3962264150943396
0 0.125 0.6415094339622641 0.09848484848484848 0.3773584905660377
0 0.2196969696969697 0.6415094339622641 0.10606060606060606 0.3773584905660377
0 0.6628787878787878 0.27358490566037735 0.08333333333333334 0.20754716981132074
0 0.7462121212121212 0.25471698113207547 0.08333333333333334 0.20754716981132074
0 0.5378787878787878 0.29245283018867924 0.09090909090909091 0.20754716981132074
