0 0.820754716981132 0.6884057971014493 0.20754716981132074 0.2753623188405797
0 0.23113207547169812 0.6956521739130435 0.1981132075471698 0.2898550724637681
0 0.43396226415094336 0.6956521739130435 0.18867924528301885 0.2608695652173913
0 0.6226415094339622 0.6884057971014493 0.18867924528301885 0.2753623188405797
0 0.20754716981132074 0.34057971014492755 0.18867924528301885 0.21739130434782608
0 0.5754716981132075 0.32608695652173914 0.11320754716981132 0.18840579710144928
0 0.5235849056603773 0.4782608695652174 0.08490566037735849 0.17391304347826086
0 0.6367924528301887 0.4855072463768116 0.12264150943396226 0.18840579710144928
0 0.43396226415094336 0.3333333333333333 0.1320754716981132 0.2028985507246377
0 0.3490566037735849 0.5072463768115942 0.11320754716981132 0.17391304347826086
0 0.4386792452830188 0.5 0.10377358490566037 0.15942028985507248
