0 0.7722063037249284 0.4632352941176471 0.09455587392550142 0.5735294117647058
0 0.673352435530086 0.4779411764705882 0.10315186246418338 0.5441176470588235
0 0.4297994269340974 0.5147058823529411 0.08595988538681948 0.47058823529411764
0 0.8739255014326647 0.4411764705882353 0.10888252148997134 0.5588235294117647
0 0.5802292263610315 0.5073529411764706 0.08882521489971347 0.5147058823529411
0 0.21203438395415472 0.5661764705882353 0.045845272206303724 0.4264705882352941
0 0.35816618911174786 0.5294117647058824 0.05730659025787965 0.4411764705882353
0 0.11174785100286533 0.6102941176470588 0.05157593123209169 0.4264705882352941
0 0.2650429799426934 0.5588235294117647 0.04297994269340974 0.4411764705882353
0 0.16332378223495703 0.5735294117647058 0.05157593123209169 0.4117647058823529
0 0.05444126074498567 0.6102941176470588 0.06876790830945559 0.45588235294117646
0 0.30802292263610315 0.5220588235294118 0.04297994269340974 0.4264705882352941
