0 0.21875 0.671875 0.1875 0.34375
0 0.7767857142857142 0.640625 0.17857142857142855 0.34375
0 0.59375 0.6640625 0.1875 0.359375
0 0.39732142857142855 0.6640625 0.1875 0.359375
0 0.7276785714285714 0.34375 0.09821428571428571 0.21875
0 0.24107142857142855 0.375 0.07142857142857142 0.25
0 0.3169642857142857 0.3671875 0.0625 0.234375
0 0.39732142857142855 0.3515625 0.0625 0.234375
0 0.5357142857142857 0.34375 0.07142857142857142 0.21875
0 0.45982142857142855 0.3671875 0.0625 0.234375
0 0.6383928571428571 0.3515625 0.0625 0.234375
