0 0.352 0.6666666666666666 0.08 0.3055555555555555
0 0.42 0.6597222222222222 0.07200000000000001 0.29166666666666663
0 0.712 0.3680555555555555 0.064 0.2361111111111111
0 0.5680000000000001 0.6527777777777778 0.08 0.3055555555555555
0 0.488 0.6666666666666666 0.08 0.3055555555555555
0 0.78 0.6458333333333333 0.07200000000000001 0.29166666666666663
0 0.844 0.6458333333333333 0.07200000000000001 0.29166666666666663
0 0.712 0.6458333333333333 0.064 0.29166666666666663
0 0.644 0.6527777777777778 0.07200000000000001 0.3055555555555555
0 0.776 0.3680555555555555 0.064 0.2361111111111111
0 0.428 0.3819444444444444 0.10400000000000001 0.2361111111111111
