0 0.7607260726072608 0.5285714285714286 0.0627062706270627 0.39999999999999997
0 0.4306930693069307 0.5642857142857143 0.0627062706270627 0.41428571428571426
0 0.6765676567656765 0.5357142857142857 0.07920792079207921 0.41428571428571426
0 0.8729372937293729 0.5357142857142857 0.056105610561056105 0.41428571428571426
0 0.8184818481848185 0.5285714285714286 0.0594059405940594 0.39999999999999997
0 0.929042904290429 0.5214285714285715 0.056105610561056105 0.41428571428571426
0 0.30198019801980197 0.5571428571428572 0.0627062706270627 0.39999999999999997
0 0.3712871287128713 0.5642857142857143 0.056105610561056105 0.3857142857142857
0 0.504950495049505 0.5499999999999999 0.0594059405940594 0.3857142857142857
0 0.6122112211221122 0.5428571428571428 0.056105610561056105 0.39999999999999997
0 0.5610561056105611 0.5499999999999999 0.052805280528052806 0.3857142857142857
