0 0.8260869565217391 0.6527777777777778 0.1565217391304348 0.3055555555555555
0 0.6695652173913044 0.6666666666666666 0.1565217391304348 0.3055555555555555
0 0.5173913043478261 0.6875 0.14782608695652175 0.29166666666666663
0 0.3695652173913044 0.6944444444444444 0.14782608695652175 0.3055555555555555
0 0.5086956521739131 0.4305555555555555 0.11304347826086956 0.19444444444444442
0 0.6347826086956522 0.4236111111111111 0.12173913043478261 0.18055555555555555
0 0.3782608695652174 0.4375 0.13043478260869565 0.18055555555555555
0 0.7739130434782608 0.4097222222222222 0.1565217391304348 0.18055555555555555
0 0.5304347826086957 0.2708333333333333 0.08695652173913043 0.125
0 0.4 0.2847222222222222 0.12173913043478261 0.125
