0 0.7470588235294118 0.6545454545454545 0.1764705882352941 0.21818181818181817
0 0.7176470588235294 0.45454545454545453 0.21176470588235294 0.21818181818181817
0 0.5352941176470588 0.4818181818181818 0.1764705882352941 0.19999999999999998
0 0.18823529411764706 0.5181818181818182 0.18823529411764706 0.19999999999999998
0 0.19411764705882353 0.7272727272727273 0.2 0.21818181818181817
0 0.3529411764705882 0.5 0.16470588235294117 0.19999999999999998
0 0.37058823529411766 0.6909090909090909 0.1764705882352941 0.21818181818181817
0 0.48823529411764705 0.2909090909090909 0.08235294117647059 0.21818181818181817
0 0.5529411764705883 0.6909090909090909 0.18823529411764706 0.21818181818181817
0 0.32941176470588235 0.3181818181818182 0.09411764705882353 0.19999999999999998
0 0.3941176470588235 0.3090909090909091 0.08235294117647059 0.21818181818181817
0 0.5647058823529412 0.2909090909090909 0.09411764705882353 0.21818181818181817
