0 0.7341463414634146 0.46808510638297873 0.07317073170731707 0.425531914893617
0 0.6268292682926829 0.48936170212765956 0.09268292682926829 0.425531914893617
0 0.802439024390244 0.46808510638297873 0.06341463414634146 0.425531914893617
0 0.07073170731707316 0.6063829787234042 0.08292682926829269 0.44680851063829785
0 0.15853658536585366 0.5957446808510638 0.07317073170731707 0.425531914893617
0 0.48048780487804876 0.5212765957446809 0.06341463414634146 0.40425531914893614
0 0.25121951219512195 0.5638297872340425 0.07317073170731707 0.40425531914893614
0 0.8658536585365854 0.4574468085106383 0.07317073170731707 0.40425531914893614
0 0.9365853658536585 0.4361702127659574 0.07804878048780488 0.40425531914893614
0 0.5463414634146342 0.5212765957446809 0.06829268292682927 0.40425531914893614
0 0.4146341463414634 0.5531914893617021 0.06829268292682927 0.3829787234042553
0 0.32682926829268294 0.5531914893617021 0.06829268292682927 0.3829787234042553
