0 0.6568181818181817 0.5188679245283019 0.07727272727272727 0.4716981132075472
0 0.3090909090909091 0.5566037735849056 0.08181818181818182 0.43396226415094336
0 0.884090909090909 0.5660377358490566 0.09545454545454544 0.49056603773584906
0 0.7977272727272727 0.5471698113207547 0.07727272727272727 0.4528301886792453
0 0.19772727272727272 0.5754716981132075 0.06818181818181818 0.3962264150943396
0 0.41363636363636364 0.5566037735849056 0.09999999999999999 0.4716981132075472
0 0.7318181818181818 0.5471698113207547 0.06363636363636363 0.4528301886792453
0 0.5545454545454546 0.5471698113207547 0.10909090909090909 0.49056603773584906
0 0.1431818181818182 0.5660377358490566 0.08636363636363636 0.3773584905660377
0 0.2545454545454545 0.5660377358490566 0.05454545454545454 0.4150943396226415
0 0.1159090909090909 0.5660377358490566 0.049999999999999996 0.3773584905660377
