0 0.3945578231292517 0.6428571428571428 0.17687074829931973 0.3571428571428571
0 0.7755102040816326 0.5982142857142857 0.17687074829931973 0.375
0 0.20408163265306123 0.6607142857142857 0.17687074829931973 0.3571428571428571
0 0.5918367346938775 0.6160714285714285 0.17687074829931973 0.375
0 0.608843537414966 0.33035714285714285 0.061224489795918366 0.19642857142857142
0 0.5204081632653061 0.33035714285714285 0.061224489795918366 0.19642857142857142
0 0.4557823129251701 0.33928571428571425 0.06802721088435373 0.17857142857142855
0 0.36734693877551017 0.3482142857142857 0.06802721088435373 0.19642857142857142
0 0.6666666666666666 0.3214285714285714 0.05442176870748299 0.17857142857142855
0 0.7891156462585034 0.3125 0.06802721088435373 0.19642857142857142
0 0.727891156462585 0.3125 0.05442176870748299 0.19642857142857142
