0 0.5743243243243243 0.6574074074074073 0.20270270270270271 0.31481481481481477
0 0.38513513513513514 0.6388888888888888 0.1891891891891892 0.31481481481481477
0 0.19594594594594594 0.6203703703703703 0.17567567567567569 0.31481481481481477
0 0.7635135135135136 0.6851851851851851 0.17567567567567569 0.3333333333333333
0 0.7398648648648649 0.4351851851851852 0.060810810810810814 0.2037037037037037
0 0.8074324324324325 0.4351851851851852 0.07432432432432433 0.2037037037037037
0 0.6824324324324325 0.42592592592592593 0.05405405405405406 0.18518518518518517
0 0.6216216216216217 0.42592592592592593 0.06756756756756757 0.18518518518518517
0 0.47972972972972977 0.38888888888888884 0.06756756756756757 0.18518518518518517
0 0.5405405405405406 0.4074074074074074 0.06756756756756757 0.18518518518518517
0 0.3918918918918919 0.38888888888888884 0.06756756756756757 0.2222222222222222
