0 0.896797153024911 0.47222222222222227 0.08540925266903915 0.43333333333333335
0 0.38967971530249107 0.5611111111111111 0.06761565836298931 0.43333333333333335
0 0.6565836298932384 0.48888888888888893 0.11032028469750889 0.4
0 0.7580071174377224 0.48888888888888893 0.07829181494661921 0.4444444444444445
0 0.8256227758007118 0.4666666666666667 0.06405693950177936 0.4222222222222222
0 0.4679715302491103 0.5333333333333333 0.06761565836298931 0.37777777777777777
0 0.10676156583629892 0.5666666666666667 0.12811387900355872 0.4222222222222222
0 0.2188612099644128 0.5611111111111111 0.09608540925266904 0.41111111111111115
0 0.32028469750889677 0.55 0.07117437722419928 0.3888888888888889
0 0.5355871886120996 0.5111111111111112 0.060498220640569395 0.37777777777777777
0 0.5836298932384342 0.5111111111111112 0.05693950177935943 0.37777777777777777
