0 0.6086956521739131 0.625 0.20869565217391306 0.3611111111111111
0 0.41304347826086957 0.6388888888888888 0.2 0.3611111111111111
0 0.20434782608695654 0.6666666666666666 0.2 0.38888888888888884
0 0.8173913043478261 0.6041666666666666 0.20869565217391306 0.375
0 0.5652173913043478 0.3333333333333333 0.06956521739130435 0.19444444444444442
0 0.7521739130434782 0.3194444444444444 0.0782608695652174 0.19444444444444442
0 0.4260869565217391 0.3472222222222222 0.06956521739130435 0.19444444444444442
0 0.4826086956521739 0.3472222222222222 0.06086956521739131 0.19444444444444442
0 0.2565217391304348 0.35416666666666663 0.09565217391304348 0.20833333333333331
0 0.34782608695652173 0.3680555555555555 0.06956521739130435 0.20833333333333331
0 0.6260869565217392 0.3333333333333333 0.052173913043478265 0.19444444444444442
0 0.6652173913043479 0.3333333333333333 0.09565217391304348 0.19444444444444442
