0 0.5588235294117647 0.6056338028169014 0.09243697478991596 0.3380281690140845
0 0.4117647058823529 0.5985915492957746 0.11764705882352941 0.323943661971831
0 0.31092436974789917 0.6056338028169014 0.08403361344537814 0.3098591549295775
0 0.2310924369747899 0.6126760563380281 0.07563025210084033 0.29577464788732394
0 0.7310924369747899 0.5985915492957746 0.08403361344537814 0.35211267605633806
0 0.7016806722689075 0.323943661971831 0.07563025210084033 0.16901408450704225
0 0.8151260504201681 0.5985915492957746 0.10084033613445378 0.323943661971831
0 0.6470588235294117 0.5915492957746479 0.08403361344537814 0.3098591549295775
0 0.14285714285714285 0.6126760563380281 0.08403361344537814 0.29577464788732394
0 0.5042016806722689 0.323943661971831 0.08403361344537814 0.16901408450704225
0 0.6260504201680672 0.323943661971831 0.07563025210084033 0.16901408450704225
