0 0.6597222222222222 0.5102040816326531 0.06944444444444445 0.4081632653061224
0 0.7291666666666666 0.49999999999999994 0.06944444444444445 0.3877551020408163
0 0.8020833333333333 0.49999999999999994 0.07638888888888888 0.3877551020408163
0 0.28125 0.5510204081632653 0.0625 0.4081632653061224
0 0.4722222222222222 0.5510204081632653 0.06944444444444445 0.4081632653061224
0 0.5590277777777778 0.520408163265306 0.0625 0.3877551020408163
0 0.3958333333333333 0.5510204081632653 0.06944444444444445 0.4081632653061224
0 0.59375 0.520408163265306 0.0625 0.3877551020408163
0 0.3506944444444444 0.5510204081632653 0.0625 0.4081632653061224
0 0.8715277777777777 0.5102040816326531 0.07638888888888888 0.4081632653061224
0 0.5069444444444444 0.5510204081632653 0.05555555555555555 0.4081632653061224
0 0.4236111111111111 0.5510204081632653 0.05555555555555555 0.4081632653061224
