0 0.670886075949367 0.4879518072289157 0.07594936708860758 0.3734939759036145
0 0.44092827004219404 0.5240963855421688 0.05485232067510548 0.3253012048192771
0 0.30379746835443033 0.5542168674698795 0.07594936708860758 0.3614457831325301
0 0.5021097046413502 0.5060240963855422 0.050632911392405056 0.3373493975903615
0 0.8438818565400843 0.46385542168674704 0.0590717299578059 0.3734939759036145
0 0.7890295358649788 0.46987951807228917 0.0590717299578059 0.3614457831325301
0 0.38607594936708856 0.5301204819277109 0.05485232067510548 0.3373493975903615
0 0.5970464135021096 0.5 0.05485232067510548 0.3493975903614458
0 0.550632911392405 0.5060240963855422 0.04641350210970464 0.3373493975903615
0 0.8945147679324894 0.46385542168674704 0.050632911392405056 0.3493975903614458
0 0.940928270042194 0.46385542168674704 0.050632911392405056 0.3493975903614458
