0 0.6083333333333334 0.652542372881356 0.18333333333333335 0.3898305084745763
0 0.8 0.5932203389830508 0.18888888888888888 0.3728813559322034
0 0.20555555555555557 0.7457627118644068 0.2 0.4067796610169492
0 0.4027777777777778 0.6864406779661016 0.19444444444444445 0.3898305084745763
0 0.6111111111111112 0.3305084745762712 0.05555555555555556 0.22033898305084745
0 0.5277777777777778 0.3389830508474576 0.06666666666666667 0.23728813559322035
0 0.37222222222222223 0.3813559322033898 0.06666666666666667 0.2542372881355932
0 0.6694444444444445 0.3220338983050847 0.061111111111111116 0.23728813559322035
0 0.45833333333333337 0.3474576271186441 0.061111111111111116 0.22033898305084745
0 0.8111111111111111 0.2796610169491525 0.1 0.2542372881355932
0 0.7277777777777779 0.3050847457627119 0.05555555555555556 0.23728813559322035
