0 0.4462025316455696 0.6505376344086022 0.13291139240506328 0.37634408602150543
0 0.569620253164557 0.6397849462365592 0.10126582278481013 0.3548387096774194
0 0.6645569620253164 0.6236559139784946 0.10126582278481013 0.3655913978494624
0 0.1518987341772152 0.6935483870967742 0.10126582278481013 0.3548387096774194
0 0.33544303797468356 0.6612903225806452 0.10126582278481013 0.3548387096774194
0 0.6518987341772152 0.2741935483870968 0.0759493670886076 0.1827956989247312
0 0.7594936708860759 0.6075268817204301 0.10126582278481013 0.3548387096774194
0 0.5443037974683544 0.2903225806451613 0.0759493670886076 0.19354838709677422
0 0.8575949367088608 0.5913978494623656 0.10759493670886076 0.34408602150537637
0 0.24367088607594936 0.6666666666666667 0.09493670886075949 0.34408602150537637
0 0.7215189873417721 0.2634408602150538 0.0759493670886076 0.1827956989247312
