0 0.773972602739726 0.513157894736842 0.0547945205479452 0.2894736842105263
0 0.7123287671232876 0.5263157894736842 0.0684931506849315 0.3157894736842105
0 0.8287671232876712 0.513157894736842 0.0547945205479452 0.2894736842105263
0 0.8835616438356164 0.5 0.0684931506849315 0.2631578947368421
0 0.5308219178082192 0.5526315789473684 0.06164383561643835 0.3157894736842105
0 0.6267123287671232 0.5394736842105263 0.06164383561643835 0.2894736842105263
0 0.3698630136986301 0.6052631578947368 0.0684931506849315 0.3157894736842105
0 0.5821917808219178 0.5526315789473684 0.0547945205479452 0.3157894736842105
0 0.4383561643835616 0.5789473684210527 0.0684931506849315 0.3157894736842105
0 0.9383561643835616 0.4605263157894737 0.0547945205479452 0.2894736842105263
