0 0.7102040816326531 0.6538461538461539 0.10612244897959185 0.38461538461538464
0 0.3020408163265306 0.576923076923077 0.08979591836734695 0.2527472527472528
0 0.13877551020408163 0.6043956043956045 0.0816326530612245 0.26373626373626374
0 0.806122448979592 0.6373626373626374 0.09387755102040818 0.39560439560439564
0 0.21836734693877552 0.5934065934065934 0.08571428571428572 0.26373626373626374
0 0.6122448979591837 0.6813186813186813 0.08979591836734695 0.39560439560439564
0 0.05510204081632654 0.6098901098901099 0.08571428571428572 0.2527472527472528
0 0.6918367346938776 0.2802197802197802 0.06122448979591837 0.23076923076923078
0 0.16122448979591839 0.34065934065934067 0.05306122448979592 0.17582417582417584
0 0.21836734693877552 0.3296703296703297 0.05306122448979592 0.17582417582417584
0 0.5204081632653061 0.6923076923076924 0.09387755102040818 0.37362637362637363
0 0.553061224489796 0.2967032967032967 0.08571428571428572 0.2197802197802198
0 0.7755102040816327 0.26373626373626374 0.07346938775510205 0.2417582417582418
0 0.06326530612244899 0.36813186813186816 0.09387755102040818 0.16483516483516486
0 0.6326530612244898 0.2967032967032967 0.05714285714285715 0.2197802197802198
0 0.3020408163265306 0.3186813186813187 0.07346938775510205 0.17582417582417584
