0 0.4361702127659574 0.66 0.1702127659574468 0.28
0 0.26063829787234044 0.68 0.18085106382978722 0.28
0 0.7446808510638298 0.6 0.1702127659574468 0.28
0 0.5904255319148936 0.64 0.1595744680851064 0.28
0 0.6648936170212766 0.42 0.13829787234042554 0.16
0 0.6595744680851063 0.28 0.0851063829787234 0.2
0 0.5372340425531915 0.45 0.11702127659574468 0.18
0 0.4627659574468085 0.32 0.09574468085106383 0.2
0 0.3031914893617021 0.49 0.11702127659574468 0.18
0 0.5744680851063829 0.28 0.0851063829787234 0.2
0 0.3404255319148936 0.34 0.1276595744680851 0.2
0 0.425531914893617 0.47000000000000003 0.1276595744680851 0.18
