0 0.5415282392026578 0.5142857142857143 0.11295681063122924 0.4571428571428572
0 0.6561461794019934 0.48571428571428577 0.10963455149501661 0.4571428571428572
0 0.3853820598006645 0.5666666666666668 0.18604651162790697 0.5047619047619049
0 0.7574750830564784 0.43809523809523815 0.10631229235880399 0.43809523809523815
0 0.8787375415282392 0.43333333333333335 0.11627906976744186 0.46666666666666673
0 0.13787375415282394 0.6047619047619048 0.15614617940199335 0.40952380952380957
0 0.2558139534883721 0.5904761904761905 0.07973421926910298 0.4190476190476191
0 0.6461794019933556 0.9333333333333335 0.14285714285714285 0.13333333333333336
0 0.9617940199335548 0.8952380952380953 0.06976744186046512 0.20952380952380956
0 0.47176079734219273 0.9666666666666668 0.15282392026578073 0.06666666666666668
