0 0.6161971830985916 0.6855670103092784 0.19014084507042253 0.27835051546391754
0 0.397887323943662 0.7061855670103092 0.20422535211267606 0.27835051546391754
0 0.8274647887323944 0.6649484536082474 0.19014084507042253 0.27835051546391754
0 0.7535211267605634 0.4381443298969072 0.1971830985915493 0.1958762886597938
0 0.5704225352112676 0.4536082474226804 0.15492957746478875 0.18556701030927836
0 0.19014084507042253 0.7268041237113402 0.18309859154929578 0.25773195876288657
0 0.4084507042253521 0.4742268041237113 0.15492957746478875 0.18556701030927836
0 0.2359154929577465 0.4845360824742268 0.1619718309859155 0.18556701030927836
0 0.6443661971830986 0.27319587628865977 0.07746478873239437 0.13402061855670103
0 0.7077464788732395 0.26804123711340205 0.06338028169014084 0.14432989690721648
0 0.545774647887324 0.27835051546391754 0.07746478873239437 0.14432989690721648
