0 0.21153846153846156 0.6518518518518519 0.20329670329670332 0.3703703703703704
0 0.4093406593406594 0.6407407407407407 0.20329670329670332 0.37777777777777777
0 0.6098901098901099 0.625925925925926 0.19780219780219782 0.362962962962963
0 0.8076923076923077 0.6111111111111112 0.19780219780219782 0.37777777777777777
0 0.3818681318681319 0.32222222222222224 0.08241758241758243 0.24444444444444446
0 0.29120879120879123 0.32592592592592595 0.08791208791208792 0.2518518518518519
0 0.7829670329670331 0.2962962962962963 0.13736263736263737 0.2814814814814815
0 0.19780219780219782 0.34444444444444444 0.08791208791208792 0.2740740740740741
0 0.4587912087912088 0.32222222222222224 0.07142857142857144 0.24444444444444446
0 0.6126373626373627 0.3037037037037037 0.06043956043956045 0.23703703703703705
0 0.6840659340659341 0.3037037037037037 0.07142857142857144 0.2518518518518519
0 0.5467032967032968 0.3074074074074074 0.07142857142857144 0.24444444444444446
