0 0.19402985074626866 0.7066666666666667 0.208955223880597 0.37333333333333335
0 0.6044776119402985 0.6866666666666668 0.22388059701492538 0.36000000000000004
0 0.8097014925373134 0.6866666666666668 0.20149253731343283 0.36000000000000004
0 0.7947761194029851 0.34 0.09701492537313433 0.28
0 0.39925373134328357 0.6933333333333334 0.20149253731343283 0.37333333333333335
0 0.5708955223880597 0.34 0.06716417910447761 0.25333333333333335
0 0.20522388059701493 0.37333333333333335 0.09701492537313433 0.29333333333333333
0 0.47388059701492535 0.3466666666666667 0.08208955223880597 0.26666666666666666
0 0.29850746268656714 0.3666666666666667 0.08955223880597014 0.28
0 0.40298507462686567 0.3466666666666667 0.07462686567164178 0.26666666666666666
0 0.7052238805970149 0.34 0.08208955223880597 0.25333333333333335
0 0.6380597014925373 0.34 0.06716417910447761 0.25333333333333335
