0 0.4574468085106383 0.6147540983606558 0.1276595744680851 0.3442622950819672
0 0.5930851063829787 0.6065573770491803 0.10106382978723404 0.3278688524590164
0 0.6914893617021276 0.5983606557377049 0.09574468085106383 0.3442622950819672
0 0.7872340425531915 0.5983606557377049 0.09574468085106383 0.3442622950819672
0 0.8829787234042553 0.5819672131147541 0.09574468085106383 0.3442622950819672
0 0.13829787234042554 0.639344262295082 0.09574468085106383 0.36065573770491804
0 0.5851063829787234 0.33606557377049184 0.09574468085106383 0.21311475409836067
0 0.7553191489361702 0.33606557377049184 0.0851063829787234 0.21311475409836067
0 0.3271276595744681 0.6229508196721312 0.10106382978723404 0.3278688524590164
0 0.23138297872340424 0.639344262295082 0.10106382978723404 0.36065573770491804
0 0.8457446808510638 0.3278688524590164 0.0851063829787234 0.19672131147540983
