0 0.7013888888888888 0.4878048780487805 0.06944444444444445 0.29268292682926833
0 0.5104166666666666 0.5121951219512195 0.0625 0.29268292682926833
0 0.3784722222222222 0.5 0.07638888888888888 0.2682926829268293
0 0.4444444444444444 0.5 0.06944444444444445 0.2682926829268293
0 0.2881944444444444 0.5121951219512195 0.0625 0.29268292682926833
0 0.7638888888888888 0.5 0.06944444444444445 0.3170731707317073
0 0.829861111111111 0.5 0.0625 0.3170731707317073
0 0.5833333333333333 0.5121951219512195 0.08333333333333333 0.29268292682926833
0 0.1597222222222222 0.524390243902439 0.06944444444444445 0.3170731707317073
0 0.22569444444444442 0.5121951219512195 0.0625 0.29268292682926833
0 0.09375 0.5487804878048781 0.07638888888888888 0.3170731707317073
0 0.8993055555555555 0.5121951219512195 0.07638888888888888 0.29268292682926833
