0 0.4150326797385621 0.6909090909090909 0.1895424836601307 0.2909090909090909
0 0.6045751633986929 0.6545454545454545 0.17647058823529413 0.2909090909090909
0 0.21895424836601307 0.7272727272727273 0.17647058823529413 0.2909090909090909
0 0.7647058823529412 0.3727272727272727 0.06535947712418301 0.23636363636363636
0 0.7026143790849674 0.3818181818181818 0.058823529411764705 0.21818181818181817
0 0.7973856209150327 0.6454545454545454 0.18300653594771243 0.3090909090909091
0 0.8366013071895425 0.3727272727272727 0.0784313725490196 0.23636363636363636
0 0.6437908496732027 0.3909090909090909 0.07189542483660132 0.23636363636363636
0 0.5555555555555556 0.40909090909090906 0.06535947712418301 0.23636363636363636
0 0.39542483660130723 0.42727272727272725 0.07189542483660132 0.23636363636363636
0 0.4901960784313726 0.40909090909090906 0.06535947712418301 0.23636363636363636
