0 0.29723502304147464 0.4810126582278481 0.10599078341013825 0.35443037974683544
0 0.5138248847926268 0.5189873417721519 0.06912442396313365 0.3291139240506329
0 0.7073732718894009 0.5569620253164557 0.05069124423963134 0.3291139240506329
0 0.39631336405529954 0.5063291139240507 0.06451612903225806 0.3291139240506329
0 0.5990783410138248 0.5316455696202531 0.05529953917050691 0.3291139240506329
0 0.7672811059907834 0.569620253164557 0.059907834101382486 0.3291139240506329
0 0.6566820276497696 0.550632911392405 0.059907834101382486 0.34177215189873417
0 0.45622119815668205 0.5063291139240507 0.05529953917050691 0.3291139240506329
0 0.8824884792626728 0.6012658227848101 0.1152073732718894 0.3670886075949367
0 0.1543778801843318 0.4620253164556962 0.1152073732718894 0.3670886075949367
