0 0.7916666666666666 0.6639344262295083 0.20833333333333331 0.27868852459016397
0 0.1875 0.6885245901639344 0.20833333333333331 0.26229508196721313
0 0.38541666666666663 0.6803278688524591 0.20833333333333331 0.27868852459016397
0 0.59375 0.6639344262295083 0.1875 0.27868852459016397
0 0.2552083333333333 0.30327868852459017 0.17708333333333331 0.21311475409836067
0 0.4270833333333333 0.29508196721311475 0.125 0.19672131147540983
0 0.6302083333333333 0.2868852459016394 0.11458333333333333 0.18032786885245902
0 0.7291666666666666 0.27868852459016397 0.10416666666666666 0.19672131147540983
0 0.6354166666666666 0.4672131147540984 0.125 0.18032786885245902
0 0.5 0.4672131147540984 0.10416666666666666 0.18032786885245902
0 0.4114583333333333 0.4754098360655738 0.09375 0.1639344262295082
0 0.30729166666666663 0.4836065573770492 0.11458333333333333 0.14754098360655737
