0 0.4212962962962963 0.3695652173913044 0.12037037037037036 0.18840579710144928
0 0.75 0.34782608695652173 0.1111111111111111 0.2028985507246377
0 0.23148148148148145 0.37681159420289856 0.18518518518518517 0.2028985507246377
0 0.25925925925925924 0.7463768115942029 0.38888888888888884 0.2463768115942029
0 0.6388888888888888 0.5217391304347826 0.12962962962962962 0.17391304347826086
0 0.6388888888888888 0.34782608695652173 0.1111111111111111 0.17391304347826086
0 0.6944444444444444 0.7318840579710145 0.4074074074074074 0.2463768115942029
0 0.5 0.5289855072463768 0.1111111111111111 0.18840579710144928
0 0.2962962962962963 0.5579710144927537 0.1111111111111111 0.15942028985507248
0 0.3935185185185185 0.5507246376811594 0.10185185185185185 0.17391304347826086
