0 0.37155963302752293 0.7033898305084746 0.1926605504587156 0.2542372881355932
0 0.5642201834862386 0.6949152542372882 0.1926605504587156 0.2711864406779661
0 0.7752293577981652 0.6864406779661016 0.21100917431192662 0.288135593220339
0 0.1651376146788991 0.7033898305084746 0.2018348623853211 0.288135593220339
0 0.4174311926605505 0.2966101694915254 0.11926605504587157 0.22033898305084745
0 0.6192660550458716 0.2796610169491525 0.10091743119266056 0.1864406779661017
0 0.7293577981651377 0.2711864406779661 0.10091743119266056 0.2033898305084746
0 0.2981651376146789 0.5 0.10091743119266056 0.1864406779661017
0 0.3944954128440367 0.4830508474576271 0.09174311926605505 0.1864406779661017
0 0.49082568807339455 0.4745762711864407 0.08256880733944955 0.2033898305084746
0 0.6192660550458716 0.4745762711864407 0.11926605504587157 0.2033898305084746
