0 0.7901785714285714 0.6492537313432836 0.20535714285714285 0.3731343283582089
0 0.59375 0.6417910447761194 0.1875 0.3582089552238806
0 0.40178571428571425 0.6343283582089552 0.19642857142857142 0.34328358208955223
0 0.19642857142857142 0.6194029850746269 0.21428571428571427 0.34328358208955223
0 0.7366071428571428 0.33582089552238803 0.08035714285714285 0.2537313432835821
0 0.6607142857142857 0.3283582089552239 0.07142857142857142 0.23880597014925373
0 0.6026785714285714 0.3283582089552239 0.0625 0.23880597014925373
0 0.2589285714285714 0.33582089552238803 0.08928571428571427 0.2537313432835821
0 0.33035714285714285 0.33582089552238803 0.08928571428571427 0.2537313432835821
0 0.40178571428571425 0.33582089552238803 0.07142857142857142 0.22388059701492538
0 0.5357142857142857 0.3283582089552239 0.07142857142857142 0.23880597014925373
0 0.46428571428571425 0.33582089552238803 0.07142857142857142 0.2537313432835821
