0 0.7849462365591399 0.6057692307692308 0.08602150537634409 0.3269230769230769
0 0.7043010752688172 0.6057692307692308 0.07526881720430108 0.3269230769230769
0 0.435483870967742 0.6153846153846154 0.09677419354838711 0.34615384615384615
0 0.5483870967741936 0.6153846153846154 0.08602150537634409 0.3076923076923077
0 0.6236559139784946 0.6153846153846154 0.08602150537634409 0.3076923076923077
0 0.5483870967741936 0.34615384615384615 0.08602150537634409 0.19230769230769232
0 0.2741935483870968 0.6153846153846154 0.11827956989247312 0.34615384615384615
0 0.6612903225806452 0.34615384615384615 0.07526881720430108 0.19230769230769232
0 0.33870967741935487 0.6153846153846154 0.09677419354838711 0.34615384615384615
0 0.7365591397849462 0.34615384615384615 0.07526881720430108 0.19230769230769232
0 0.19892473118279572 0.6346153846153847 0.07526881720430108 0.34615384615384615
