0 0.19791666666666666 0.6184210526315789 0.16666666666666666 0.2631578947368421
0 0.6041666666666666 0.381578947368421 0.08333333333333333 0.18421052631578946
0 0.3958333333333333 0.6776315789473684 0.1875 0.25
0 0.6979166666666666 0.39473684210526316 0.10416666666666666 0.18421052631578946
0 0.375 0.3421052631578947 0.125 0.21052631578947367
0 0.4739583333333333 0.3684210526315789 0.09375 0.18421052631578946
0 0.59375 0.7105263157894737 0.14583333333333331 0.2631578947368421
0 0.5260416666666666 0.5263157894736842 0.09375 0.15789473684210525
0 0.625 0.5460526315789473 0.10416666666666666 0.14473684210526316
0 0.796875 0.6907894736842105 0.21875 0.3289473684210526
0 0.3489583333333333 0.506578947368421 0.09375 0.14473684210526316
0 0.421875 0.5197368421052632 0.09375 0.17105263157894735
