0 0.7783018867924528 0.654320987654321 0.1792452830188679 0.24691358024691357
0 0.22641509433962265 0.6851851851851851 0.18867924528301885 0.2345679012345679
0 0.6462264150943396 0.5 0.10377358490566037 0.16049382716049382
0 0.32075471698113206 0.5185185185185185 0.09433962264150943 0.14814814814814814
0 0.5849056603773585 0.6666666666666666 0.18867924528301885 0.2716049382716049
0 0.6839622641509434 0.345679012345679 0.08490566037735849 0.1728395061728395
0 0.5235849056603773 0.5123456790123456 0.08490566037735849 0.16049382716049382
0 0.410377358490566 0.6790123456790123 0.1792452830188679 0.24691358024691357
0 0.43396226415094336 0.5123456790123456 0.09433962264150943 0.13580246913580246
0 0.5518867924528301 0.35185185185185186 0.10377358490566037 0.18518518518518517
0 0.7735849056603773 0.345679012345679 0.09433962264150943 0.1728395061728395
