0 0.6352941176470588 0.6597222222222222 0.16470588235294117 0.2638888888888889
0 0.8117647058823529 0.6597222222222222 0.16470588235294117 0.2638888888888889
0 0.4235294117647059 0.6666666666666666 0.18823529411764706 0.2777777777777778
0 0.21176470588235294 0.6805555555555555 0.18823529411764706 0.2777777777777778
0 0.7176470588235294 0.4236111111111111 0.11764705882352941 0.15277777777777776
0 0.4764705882352941 0.4236111111111111 0.10588235294117647 0.15277777777777776
0 0.37058823529411766 0.4305555555555555 0.10588235294117647 0.16666666666666666
0 0.5823529411764706 0.4236111111111111 0.08235294117647059 0.15277777777777776
0 0.8058823529411765 0.2708333333333333 0.08235294117647059 0.15277777777777776
0 0.7176470588235294 0.2708333333333333 0.09411764705882353 0.15277777777777776
0 0.6235294117647059 0.2708333333333333 0.07058823529411765 0.15277777777777776
