0 0.8398692810457516 0.6583333333333333 0.09803921568627451 0.4166666666666667
0 0.7450980392156863 0.6416666666666666 0.09150326797385622 0.4166666666666667
0 0.6568627450980392 0.6333333333333333 0.08496732026143791 0.4
0 0.26143790849673204 0.6083333333333333 0.09150326797385622 0.3833333333333333
0 0.565359477124183 0.6333333333333333 0.09803921568627451 0.4
0 0.4542483660130719 0.6333333333333333 0.12418300653594772 0.4
0 0.3496732026143791 0.6166666666666667 0.08496732026143791 0.4
0 0.17647058823529413 0.6 0.09150326797385622 0.4
0 0.6503267973856209 0.3416666666666667 0.058823529411764705 0.18333333333333332
0 0.5555555555555556 0.325 0.06535947712418301 0.18333333333333332
0 0.7156862745098039 0.3333333333333333 0.058823529411764705 0.2
0 0.3137254901960784 0.325 0.0784313725490196 0.18333333333333332
