0 0.44868035190615835 0.6617647058823529 0.11143695014662756 0.30392156862745096
0 0.5615835777126099 0.6225490196078431 0.10850439882697947 0.30392156862745096
0 0.3152492668621701 0.696078431372549 0.09090909090909091 0.29411764705882354
0 0.3064516129032258 0.4264705882352941 0.11436950146627566 0.24509803921568626
0 0.4560117302052786 0.37745098039215685 0.07917888563049853 0.18627450980392157
0 0.1378299120234604 0.5245098039215687 0.07038123167155425 0.2647058823529412
0 0.07624633431085044 0.6078431372549019 0.06451612903225806 0.29411764705882354
0 0.8577712609970675 0.4803921568627451 0.05571847507331378 0.29411764705882354
0 0.01466275659824047 0.6715686274509803 0.02932551319648094 0.3235294117647059
0 0.5762463343108505 0.3431372549019608 0.10850439882697947 0.19607843137254902
0 0.7346041055718475 0.37745098039215685 0.06744868035190615 0.2647058823529412
