0 0.7609756097560976 0.5798319327731092 0.23414634146341462 0.40336134453781514
0 0.44390243902439025 0.24369747899159663 0.08780487804878048 0.23529411764705882
0 0.5463414634146342 0.6512605042016807 0.1951219512195122 0.4453781512605042
0 0.5317073170731708 0.26050420168067223 0.08780487804878048 0.2689075630252101
0 0.3195121951219512 0.26050420168067223 0.12195121951219512 0.2857142857142857
0 0.35609756097560974 0.6386554621848739 0.1951219512195122 0.3529411764705882
0 0.16341463414634147 0.6470588235294117 0.18048780487804877 0.42016806722689076
0 0.6292682926829268 0.226890756302521 0.07804878048780488 0.23529411764705882
0 0.16829268292682928 0.26050420168067223 0.16097560975609757 0.2857142857142857
0 0.6951219512195121 0.226890756302521 0.07317073170731707 0.23529411764705882
