0 0.42410714285714285 0.6532258064516129 0.1875 0.27419354838709675
0 0.625 0.6048387096774194 0.19642857142857142 0.27419354838709675
0 0.21428571428571427 0.6935483870967741 0.19642857142857142 0.29032258064516125
0 0.8348214285714285 0.5564516129032258 0.20535714285714285 0.27419354838709675
0 0.21428571428571427 0.46774193548387094 0.17857142857142855 0.16129032258064516
0 0.5758928571428571 0.25806451612903225 0.09821428571428571 0.16129032258064516
0 0.39732142857142855 0.4274193548387097 0.16964285714285712 0.1774193548387097
0 0.6964285714285714 0.22580645161290322 0.08928571428571427 0.16129032258064516
0 0.7589285714285714 0.34677419354838707 0.17857142857142855 0.1774193548387097
0 0.21428571428571427 0.33064516129032256 0.10714285714285714 0.1774193548387097
