0 0.2142857142857143 0.6865671641791045 0.1619047619047619 0.3283582089552239
0 0.7714285714285715 0.6044776119402985 0.1523809523809524 0.31343283582089554
0 0.4190476190476191 0.6567164179104478 0.1523809523809524 0.29850746268656714
0 0.6000000000000001 0.6343283582089552 0.13333333333333336 0.2835820895522388
0 0.5761904761904763 0.27611940298507465 0.06666666666666668 0.16417910447761194
0 0.48571428571428577 0.27611940298507465 0.09523809523809525 0.16417910447761194
0 0.6476190476190476 0.26119402985074625 0.0761904761904762 0.19402985074626866
0 0.580952380952381 0.41044776119402987 0.09523809523809525 0.13432835820895522
0 0.37619047619047624 0.44029850746268656 0.08571428571428572 0.13432835820895522
0 0.46666666666666673 0.43283582089552236 0.09523809523809525 0.14925373134328357
