0 0.8496732026143791 0.41891891891891897 0.13071895424836602 0.4594594594594595
0 0.18627450980392157 0.5810810810810811 0.11111111111111112 0.40540540540540543
0 0.565359477124183 0.5 0.058823529411764705 0.35135135135135137
0 0.303921568627451 0.5945945945945946 0.08496732026143791 0.43243243243243246
0 0.954248366013072 0.41891891891891897 0.0784313725490196 0.4594594594594595
0 0.7222222222222222 0.4594594594594595 0.07189542483660132 0.3783783783783784
0 0.6209150326797386 0.472972972972973 0.05228758169934641 0.35135135135135137
0 0.6666666666666667 0.4594594594594595 0.05228758169934641 0.3783783783783784
0 0.5032679738562091 0.5270270270270271 0.05228758169934641 0.35135135135135137
0 0.4575163398692811 0.5135135135135136 0.06535947712418301 0.3783783783783784
