0 0.8888888888888888 0.47674418604651164 0.07017543859649122 0.3023255813953488
0 0.8216374269005847 0.47674418604651164 0.06432748538011696 0.3023255813953488
0 0.6988304093567251 0.4883720930232558 0.06432748538011696 0.32558139534883723
0 0.763157894736842 0.4883720930232558 0.06432748538011696 0.32558139534883723
0 0.3684210526315789 0.5116279069767442 0.05847953216374269 0.27906976744186046
0 0.4766081871345029 0.5 0.05263157894736842 0.2558139534883721
0 0.5263157894736842 0.5 0.04678362573099415 0.2558139534883721
0 0.4152046783625731 0.5 0.04678362573099415 0.2558139534883721
0 0.567251461988304 0.5116279069767442 0.04678362573099415 0.27906976744186046
0 0.6228070175438596 0.5 0.05263157894736842 0.3023255813953488
0 0.26608187134502925 0.5116279069767442 0.05263157894736842 0.27906976744186046
