0 0.5061349693251533 0.6597222222222222 0.16564417177914112 0.375
0 0.843558282208589 0.6666666666666666 0.16564417177914112 0.38888888888888884
0 0.34662576687116564 0.6597222222222222 0.16564417177914112 0.375
0 0.6748466257668712 0.673611111111111 0.15950920245398773 0.40277777777777773
0 0.7423312883435583 0.3472222222222222 0.06134969325153374 0.2222222222222222
0 0.6901840490797546 0.3472222222222222 0.04294478527607362 0.2222222222222222
0 0.6134969325153374 0.34027777777777773 0.049079754601226995 0.20833333333333331
0 0.5245398773006135 0.3472222222222222 0.04294478527607362 0.2222222222222222
0 0.4723926380368098 0.34027777777777773 0.049079754601226995 0.2361111111111111
0 0.656441717791411 0.3472222222222222 0.03680981595092025 0.2222222222222222
0 0.5674846625766872 0.34027777777777773 0.04294478527607362 0.20833333333333331
