0 0.6225626740947076 0.1518987341772152 0.07520891364902507 0.3037974683544304
0 0.541782729805014 0.16455696202531644 0.09192200557103064 0.3291139240506329
0 0.2214484679665738 0.18987341772151897 0.10306406685236769 0.37974683544303794
0 0.7005571030640668 0.15822784810126583 0.07520891364902507 0.31645569620253167
0 0.8036211699164345 0.6012658227848101 0.04735376044568245 0.24050632911392406
0 0.3245125348189415 0.16455696202531644 0.06406685236768803 0.3291139240506329
0 0.12116991643454039 0.7531645569620253 0.052924791086350974 0.24050632911392406
0 0.3467966573816156 0.7088607594936709 0.04178272980501393 0.22784810126582278
0 0.43175487465181056 0.15822784810126583 0.06685236768802229 0.31645569620253167
0 0.1935933147632312 0.7531645569620253 0.052924791086350974 0.24050632911392406
0 0.383008356545961 0.7025316455696202 0.036211699164345405 0.24050632911392406
0 0.5724233983286908 0.6582278481012658 0.0584958217270195 0.22784810126582278
0 0.2966573816155989 0.7088607594936709 0.052924791086350974 0.25316455696202533
0 0.07799442896935933 0.7848101265822784 0.04456824512534819 0.22784810126582278
0 0.26740947075208915 0.7088607594936709 0.04456824512534819 0.25316455696202533
0 0.8899721448467967 0.5632911392405063 0.052924791086350974 0.26582278481012656
0 0.8384401114206128 0.5949367088607594 0.03899721448467967 0.22784810126582278
0 0.7005571030640668 0.6392405063291139 0.0584958217270195 0.24050632911392406
0 0.924791086350975 0.5632911392405063 0.03899721448467967 0.26582278481012656
0 0.3802228412256267 0.15822784810126583 0.04735376044568245 0.31645569620253167
0 0.7827298050139275 0.1518987341772152 0.07242339832869081 0.3037974683544304
