0 0.760204081632653 0.6440677966101694 0.25510204081632654 0.3050847457627119
0 0.5102040816326531 0.6610169491525424 0.24489795918367346 0.3050847457627119
0 0.24489795918367346 0.6694915254237288 0.26530612244897955 0.288135593220339
0 0.29081632653061223 0.4661016949152542 0.13265306122448978 0.15254237288135594
0 0.7448979591836734 0.2966101694915254 0.08163265306122448 0.1864406779661017
0 0.6632653061224489 0.2966101694915254 0.08163265306122448 0.1864406779661017
0 0.4183673469387755 0.4576271186440678 0.12244897959183673 0.1694915254237288
0 0.6887755102040816 0.4406779661016949 0.1530612244897959 0.1694915254237288
0 0.5561224489795918 0.3135593220338983 0.09183673469387754 0.15254237288135594
0 0.5306122448979591 0.4576271186440678 0.12244897959183673 0.1694915254237288
