0 0.3076923076923077 0.5487804878048781 0.05917159763313609 0.3170731707317073
0 0.3816568047337278 0.5 0.05325443786982249 0.3170731707317073
0 0.4319526627218935 0.475609756097561 0.047337278106508875 0.3170731707317073
0 0.4911242603550296 0.4634146341463415 0.047337278106508875 0.29268292682926833
0 0.5798816568047337 0.41463414634146345 0.047337278106508875 0.29268292682926833
0 0.8698224852071006 0.3170731707317073 0.047337278106508875 0.34146341463414637
0 0.6331360946745562 0.41463414634146345 0.05917159763313609 0.29268292682926833
0 0.5355029585798816 0.45121951219512196 0.04142011834319526 0.3170731707317073
0 0.7307692307692307 0.36585365853658536 0.05325443786982249 0.29268292682926833
0 0.7958579881656804 0.34146341463414637 0.10059171597633136 0.34146341463414637
0 0.8224852071005917 0.32926829268292684 0.047337278106508875 0.3170731707317073
0 0.7810650887573964 0.36585365853658536 0.047337278106508875 0.29268292682926833
