0 0.5794392523364486 0.5504201680672268 0.14953271028037382 0.4117647058823529
0 0.7383177570093458 0.5252100840336135 0.14018691588785046 0.3949579831932773
0 0.4205607476635514 0.5546218487394958 0.14018691588785046 0.40336134453781514
0 0.26635514018691586 0.5756302521008403 0.14018691588785046 0.42857142857142855
0 0.4626168224299065 0.21428571428571427 0.08411214953271028 0.26050420168067223
0 0.5514018691588785 0.21008403361344538 0.09345794392523364 0.2689075630252101
0 0.3364485981308411 0.2184873949579832 0.09345794392523364 0.2689075630252101
0 0.25934579439252337 0.2310924369747899 0.0794392523364486 0.26050420168067223
0 0.647196261682243 0.19747899159663865 0.0794392523364486 0.26050420168067223
0 0.1144859813084112 0.23529411764705882 0.11682242990654204 0.25210084033613445
0 0.7219626168224299 0.19327731092436973 0.0794392523364486 0.25210084033613445
