0 0.16666666666666666 0.5692307692307692 0.20987654320987653 0.5230769230769231
0 0.38580246913580246 0.5692307692307692 0.2037037037037037 0.5230769230769231
0 0.8055555555555555 0.6000000000000001 0.21604938271604937 0.5230769230769231
0 0.5925925925925926 0.5923076923076923 0.19753086419753085 0.5076923076923077
0 0.5802469135802468 0.03076923076923077 0.1728395061728395 0.06153846153846154
0 0.9290123456790123 0.023076923076923078 0.12962962962962962 0.046153846153846156
0 0.7808641975308641 0.023076923076923078 0.15432098765432098 0.046153846153846156
0 0.033950617283950615 0.03076923076923077 0.06790123456790123 0.06153846153846154
0 0.15123456790123457 0.03076923076923077 0.16666666666666666 0.06153846153846154
0 0.38271604938271603 0.03076923076923077 0.20987654320987653 0.06153846153846154
