0 0.3173913043478261 0.6551724137931034 0.09565217391304348 0.29885057471264365
0 0.4260869565217391 0.6436781609195402 0.12173913043478261 0.29885057471264365
0 0.6478260869565218 0.6091954022988506 0.09565217391304348 0.29885057471264365
0 0.7347826086956522 0.603448275862069 0.09565217391304348 0.3103448275862069
0 0.21304347826086956 0.6666666666666666 0.09565217391304348 0.29885057471264365
0 0.5478260869565218 0.6264367816091954 0.10434782608695653 0.28735632183908044
0 0.8347826086956522 0.5977011494252873 0.10434782608695653 0.29885057471264365
0 0.11739130434782609 0.6839080459770115 0.09565217391304348 0.28735632183908044
0 0.7043478260869566 0.3218390804597701 0.08695652173913043 0.1839080459770115
0 0.5130434782608696 0.3390804597701149 0.08695652173913043 0.1954022988505747
0 0.6217391304347826 0.3333333333333333 0.0782608695652174 0.1839080459770115
