0 0.8422818791946308 0.5128205128205128 0.060402684563758385 0.3076923076923077
0 0.7785234899328859 0.5128205128205128 0.06711409395973154 0.3076923076923077
0 0.7114093959731543 0.5128205128205128 0.06711409395973154 0.3076923076923077
0 0.6174496644295302 0.48717948717948717 0.06711409395973154 0.3076923076923077
0 0.4395973154362416 0.48717948717948717 0.060402684563758385 0.3076923076923077
0 0.5570469798657718 0.47435897435897434 0.053691275167785234 0.28205128205128205
0 0.3825503355704698 0.47435897435897434 0.053691275167785234 0.3333333333333333
0 0.5 0.48717948717948717 0.060402684563758385 0.3076923076923077
0 0.33557046979865773 0.47435897435897434 0.06711409395973154 0.3333333333333333
0 0.9161073825503355 0.5384615384615384 0.0738255033557047 0.3076923076923077
0 0.2550335570469799 0.47435897435897434 0.053691275167785234 0.3333333333333333
