0 0.658703071672355 0.5686274509803921 0.10921501706484642 0.43137254901960786
0 0.41979522184300344 0.5931372549019608 0.11604095563139932 0.46078431372549017
0 0.7679180887372014 0.5490196078431373 0.10238907849829351 0.4117647058823529
0 0.3054607508532423 0.5931372549019608 0.09215017064846416 0.4411764705882353
0 0.5443686006825939 0.5735294117647058 0.10580204778156997 0.4411764705882353
0 0.20989761092150172 0.5980392156862745 0.09215017064846416 0.45098039215686275
0 0.11604095563139932 0.6078431372549019 0.09556313993174062 0.47058823529411764
0 0.878839590443686 0.5294117647058824 0.11262798634812286 0.4117647058823529
0 0.7081911262798635 0.23529411764705882 0.07167235494880546 0.1764705882352941
0 0.6382252559726963 0.24019607843137256 0.06143344709897611 0.16666666666666666
