0 0.7010050251256281 0.6909090909090909 0.17587939698492464 0.36363636363636365
0 0.23618090452261306 0.6954545454545454 0.1708542713567839 0.3181818181818182
0 0.5402010050251257 0.6909090909090909 0.1457286432160804 0.36363636363636365
0 0.3944723618090452 0.6954545454545454 0.15577889447236182 0.3181818181818182
0 0.6407035175879398 0.39999999999999997 0.18592964824120603 0.21818181818181817
0 0.3693467336683417 0.39999999999999997 0.09547738693467336 0.18181818181818182
0 0.46984924623115576 0.39999999999999997 0.10552763819095477 0.19999999999999998
0 0.27386934673366836 0.42272727272727273 0.10552763819095477 0.1909090909090909
0 0.7512562814070352 0.16818181818181818 0.09547738693467336 0.20909090909090908
0 0.6733668341708543 0.18181818181818182 0.06030150753768844 0.21818181818181817
