0 0.16581632653061223 0.5064102564102564 0.1683673469387755 0.4487179487179487
0 0.7576530612244897 0.4230769230769231 0.10714285714285714 0.4358974358974359
0 0.6581632653061223 0.42948717948717946 0.09183673469387754 0.4230769230769231
0 0.8673469387755102 0.391025641025641 0.12244897959183673 0.4230769230769231
0 0.4464285714285714 0.47435897435897434 0.14795918367346939 0.48717948717948717
0 0.5663265306122448 0.4423076923076923 0.09183673469387754 0.4230769230769231
0 0.31887755102040816 0.5256410256410257 0.1173469387755102 0.5128205128205128
0 0.461734693877551 0.02564102564102564 0.05612244897959183 0.05128205128205128
0 0.5280612244897959 0.02564102564102564 0.06632653061224489 0.05128205128205128
0 0.5561224489795918 0.019230769230769232 0.061224489795918366 0.038461538461538464
0 0.4336734693877551 0.02564102564102564 0.07142857142857142 0.05128205128205128
0 0.061224489795918366 0.05128205128205128 0.11224489795918366 0.10256410256410256
0 0.385204081632653 0.02564102564102564 0.06632653061224489 0.05128205128205128
0 0.6428571428571428 0.019230769230769232 0.07142857142857142 0.038461538461538464
