0 0.5743801652892562 0.7042253521126761 0.17355371900826447 0.28169014084507044
0 0.38842975206611574 0.7112676056338029 0.18181818181818182 0.29577464788732394
0 0.768595041322314 0.6830985915492958 0.18181818181818182 0.29577464788732394
0 0.19834710743801653 0.7183098591549296 0.18181818181818182 0.28169014084507044
0 0.384297520661157 0.4295774647887324 0.12396694214876033 0.2112676056338028
0 0.2603305785123967 0.4295774647887324 0.12396694214876033 0.2112676056338028
0 0.6611570247933884 0.4154929577464789 0.1652892561983471 0.2112676056338028
0 0.5082644628099173 0.4154929577464789 0.12396694214876033 0.2112676056338028
0 0.6198347107438017 0.22535211267605634 0.06611570247933884 0.14084507042253522
0 0.6942148760330579 0.22535211267605634 0.06611570247933884 0.14084507042253522
0 0.5289256198347108 0.22535211267605634 0.06611570247933884 0.14084507042253522
