0 0.567251461988304 0.4594594594594595 0.07017543859649122 0.43243243243243246
0 0.3830409356725146 0.5135135135135136 0.06432748538011696 0.43243243243243246
0 0.3070175438596491 0.5135135135135136 0.06432748538011696 0.43243243243243246
0 0.8391812865497076 0.41891891891891897 0.06432748538011696 0.40540540540540543
0 0.4415204678362573 0.472972972972973 0.05263157894736842 0.40540540540540543
0 0.6900584795321637 0.4594594594594595 0.05847953216374269 0.43243243243243246
0 0.15204678362573099 0.5135135135135136 0.0935672514619883 0.43243243243243246
0 0.7894736842105263 0.41891891891891897 0.04678362573099415 0.40540540540540543
0 0.4941520467836257 0.4864864864864865 0.05263157894736842 0.43243243243243246
0 0.739766081871345 0.41891891891891897 0.05263157894736842 0.40540540540540543
0 0.22807017543859648 0.5540540540540541 0.05847953216374269 0.4594594594594595
