0 0.877906976744186 0.7033898305084746 0.05813953488372093 0.22033898305084745
0 0.8284883720930233 0.6864406779661016 0.05232558139534883 0.22033898305084745
0 0.6075581395348837 0.6016949152542372 0.06395348837209303 0.22033898305084745
0 0.5087209302325582 0.559322033898305 0.040697674418604654 0.2033898305084746
0 0.7296511627906976 0.652542372881356 0.05232558139534883 0.22033898305084745
0 0.7761627906976744 0.6694915254237288 0.05232558139534883 0.22033898305084745
0 0.4127906976744186 0.5084745762711864 0.046511627906976744 0.2033898305084746
0 0.5465116279069767 0.5677966101694916 0.046511627906976744 0.22033898305084745
0 0.46511627906976744 0.5254237288135594 0.046511627906976744 0.2033898305084746
0 0.37209302325581395 0.5 0.046511627906976744 0.22033898305084745
0 0.26744186046511625 0.4491525423728814 0.046511627906976744 0.22033898305084745
