0 0.7877358490566038 0.7282608695652174 0.16037735849056603 0.30434782608695654
0 0.6084905660377359 0.7282608695652174 0.1792452830188679 0.30434782608695654
0 0.23113207547169812 0.7282608695652174 0.1792452830188679 0.30434782608695654
0 0.7924528301886792 0.4782608695652174 0.16981132075471697 0.21739130434782608
0 0.2358490566037736 0.4782608695652174 0.1509433962264151 0.21739130434782608
0 0.4245283018867924 0.733695652173913 0.16981132075471697 0.2934782608695652
0 0.3962264150943396 0.47282608695652173 0.1509433962264151 0.20652173913043478
0 0.5518867924528301 0.47282608695652173 0.12264150943396226 0.20652173913043478
0 0.7169811320754716 0.28804347826086957 0.09433962264150943 0.16304347826086957
0 0.5566037735849056 0.2934782608695652 0.09433962264150943 0.17391304347826086
0 0.8160377358490566 0.30434782608695654 0.08490566037735849 0.17391304347826086
