0 0.7777777777777777 0.6333333333333334 0.19047619047619047 0.28
0 0.21428571428571427 0.6466666666666667 0.19047619047619047 0.28
0 0.5912698412698413 0.64 0.18253968253968253 0.26666666666666666
0 0.40079365079365076 0.6466666666666667 0.18253968253968253 0.28
0 0.28968253968253965 0.4266666666666667 0.10317460317460317 0.21333333333333335
0 0.17063492063492064 0.44 0.11904761904761904 0.21333333333333335
0 0.3968253968253968 0.4266666666666667 0.07936507936507936 0.18666666666666668
0 0.8214285714285714 0.4133333333333334 0.11904761904761904 0.18666666666666668
0 0.5992063492063492 0.4133333333333334 0.10317460317460317 0.18666666666666668
0 0.4841269841269841 0.43333333333333335 0.07936507936507936 0.2
0 0.7023809523809523 0.4133333333333334 0.10317460317460317 0.21333333333333335
