0 0.582089552238806 0.3805970149253731 0.11940298507462686 0.31343283582089554
0 0.4626865671641791 0.3880597014925373 0.11940298507462686 0.29850746268656714
0 0.7985074626865671 0.7014925373134329 0.13432835820895522 0.29850746268656714
0 0.22014925373134328 0.4253731343283582 0.1417910447761194 0.3731343283582089
0 0.664179104477612 0.708955223880597 0.11940298507462686 0.31343283582089554
0 0.34701492537313433 0.4253731343283582 0.11194029850746269 0.34328358208955223
0 0.5335820895522388 0.7462686567164178 0.12686567164179105 0.3283582089552239
0 0.6902985074626865 0.3731343283582089 0.09701492537313433 0.26865671641791045
0 0.23880597014925373 0.753731343283582 0.19402985074626866 0.34328358208955223
0 0.7910447761194029 0.3880597014925373 0.1044776119402985 0.3283582089552239
