0 0.6153846153846154 0.33928571428571425 0.11538461538461538 0.2738095238095238
0 0.20512820512820512 0.38690476190476186 0.1282051282051282 0.3214285714285714
0 0.4358974358974359 0.6904761904761905 0.14102564102564102 0.30952380952380953
0 0.3108974358974359 0.6964285714285714 0.10897435897435898 0.3214285714285714
0 0.358974358974359 0.3630952380952381 0.10256410256410256 0.2738095238095238
0 0.4615384615384615 0.35119047619047616 0.10256410256410256 0.2738095238095238
0 0.20833333333333331 0.7083333333333333 0.10897435897435898 0.3214285714285714
0 0.7275641025641025 0.33928571428571425 0.10897435897435898 0.2738095238095238
0 0.5608974358974359 0.6845238095238095 0.10897435897435898 0.3214285714285714
0 0.8717948717948718 0.6547619047619048 0.10256410256410256 0.2857142857142857
0 0.10576923076923077 0.7142857142857142 0.10897435897435898 0.30952380952380953
0 0.766025641025641 0.6488095238095237 0.10897435897435898 0.3214285714285714
0 0.6634615384615384 0.6607142857142857 0.09615384615384615 0.2976190476190476
