0 0.681547619047619 0.5700000000000001 0.07738095238095238 0.38
0 0.7529761904761905 0.5700000000000001 0.06547619047619047 0.38
0 0.8452380952380952 0.56 0.047619047619047616 0.36
0 0.8035714285714285 0.5700000000000001 0.047619047619047616 0.34
0 0.6160714285714285 0.56 0.05357142857142857 0.4
0 0.8928571428571428 0.58 0.05952380952380952 0.36
0 0.5148809523809523 0.55 0.05357142857142857 0.34
0 0.5684523809523809 0.56 0.05357142857142857 0.4
0 0.44047619047619047 0.56 0.05952380952380952 0.4
0 0.3214285714285714 0.55 0.08333333333333333 0.42
0 0.39285714285714285 0.56 0.047619047619047616 0.36
0 0.22916666666666666 0.55 0.06547619047619047 0.42
