0 0.597457627118644 0.6086956521739131 0.19491525423728814 0.31884057971014496
0 0.2076271186440678 0.644927536231884 0.19491525423728814 0.30434782608695654
0 0.7966101694915254 0.5942028985507246 0.2033898305084746 0.31884057971014496
0 0.4025423728813559 0.6376811594202899 0.19491525423728814 0.31884057971014496
0 0.711864406779661 0.3695652173913044 0.1694915254237288 0.15942028985507248
0 0.538135593220339 0.37681159420289856 0.1271186440677966 0.14492753623188406
0 0.7457627118644068 0.2318840579710145 0.0847457627118644 0.14492753623188406
0 0.2584745762711864 0.4057971014492754 0.1440677966101695 0.14492753623188406
0 0.6567796610169492 0.2318840579710145 0.07627118644067797 0.14492753623188406
0 0.3983050847457627 0.39855072463768115 0.13559322033898305 0.15942028985507248
0 0.5508474576271186 0.2463768115942029 0.0847457627118644 0.14492753623188406
