0 0.552 0.6602564102564102 0.16 0.3205128205128205
0 0.716 0.6346153846153846 0.168 0.2948717948717949
0 0.22 0.6987179487179487 0.168 0.2948717948717949
0 0.388 0.6794871794871795 0.136 0.28205128205128205
0 0.56 0.42948717948717946 0.112 0.14102564102564102
0 0.66 0.30128205128205127 0.07200000000000001 0.1923076923076923
0 0.444 0.4551282051282051 0.088 0.14102564102564102
0 0.456 0.33974358974358976 0.08 0.1923076923076923
0 0.356 0.47435897435897434 0.07200000000000001 0.1282051282051282
0 0.596 0.30128205128205127 0.07200000000000001 0.16666666666666666
0 0.28 0.49358974358974356 0.08 0.14102564102564102
