0 0.6000000000000001 0.6847826086956521 0.2 0.34782608695652173
0 0.4 0.6956521739130435 0.18666666666666668 0.32608695652173914
0 0.21000000000000002 0.7065217391304348 0.18000000000000002 0.32608695652173914
0 0.7966666666666667 0.657608695652174 0.19333333333333336 0.31521739130434784
0 0.35000000000000003 0.44021739130434784 0.15333333333333335 0.20652173913043478
0 0.5 0.42391304347826086 0.13333333333333333 0.19565217391304346
0 0.4166666666666667 0.20108695652173914 0.16666666666666669 0.2717391304347826
0 0.19666666666666668 0.45652173913043476 0.15333333333333335 0.21739130434782608
0 0.7400000000000001 0.4076086956521739 0.25333333333333335 0.22826086956521738
0 0.19666666666666668 0.20108695652173914 0.19333333333333336 0.2717391304347826
