0 0.40066225165562913 0.5 0.09933774834437085 0.2727272727272727
0 0.8245033112582781 0.4090909090909091 0.08609271523178808 0.2727272727272727
0 0.6125827814569537 0.46590909090909094 0.09933774834437085 0.29545454545454547
0 0.2582781456953642 0.5454545454545454 0.09271523178807947 0.2727272727272727
0 0.7284768211920529 0.4318181818181818 0.09271523178807947 0.2727272727272727
0 0.12582781456953643 0.5681818181818182 0.1456953642384106 0.3181818181818182
0 0.5066225165562914 0.4772727272727273 0.09933774834437085 0.2727272727272727
0 0.9172185430463576 0.4090909090909091 0.08609271523178808 0.2727272727272727
0 0.423841059602649 0.022727272727272728 0.18543046357615894 0.045454545454545456
0 0.5695364238410596 0.011363636363636364 0.11920529801324503 0.022727272727272728
