0 0.1740506329113924 0.55625 0.22151898734177214 0.3125
0 0.5949367088607594 0.525 0.20253164556962025 0.30000000000000004
0 0.4873417721518987 0.28125 0.12658227848101267 0.21250000000000002
0 0.8069620253164557 0.51875 0.2088607594936709 0.3125
0 0.3860759493670886 0.55 0.20253164556962025 0.30000000000000004
0 0.2911392405063291 0.28750000000000003 0.21518987341772153 0.225
0 0.6645569620253164 0.26875 0.22784810126582278 0.23750000000000002
0 0.810126582278481 0.7562500000000001 0.13924050632911392 0.1625
0 0.1550632911392405 0.8 0.12025316455696203 0.17500000000000002
0 0.689873417721519 0.7625000000000001 0.11392405063291139 0.17500000000000002
0 0.560126582278481 0.7625000000000001 0.13291139240506328 0.17500000000000002
0 0.2879746835443038 0.7937500000000001 0.13291139240506328 0.1625
