0 0.7960199004975124 0.5266666666666667 0.05970149253731343 0.4133333333333334
0 0.8557213930348259 0.5266666666666667 0.05970149253731343 0.4133333333333334
0 0.4228855721393035 0.56 0.05970149253731343 0.4266666666666667
0 0.736318407960199 0.5333333333333333 0.06965174129353234 0.4
0 0.664179104477612 0.5333333333333333 0.07462686567164178 0.4
0 0.3582089552238806 0.5666666666666667 0.06965174129353234 0.44
0 0.5024875621890548 0.5533333333333333 0.05970149253731343 0.4133333333333334
0 0.9104477611940298 0.5133333333333334 0.05970149253731343 0.4133333333333334
0 0.27611940298507465 0.5733333333333334 0.06467661691542288 0.4266666666666667
0 0.6044776119402985 0.5533333333333333 0.05472636815920398 0.4133333333333334
0 0.5572139303482587 0.5533333333333333 0.05970149253731343 0.4133333333333334
