0 0.42307692307692313 0.6982758620689655 0.1965811965811966 0.29310344827586204
0 0.6282051282051283 0.646551724137931 0.2136752136752137 0.29310344827586204
0 0.8290598290598291 0.603448275862069 0.20512820512820515 0.3103448275862069
0 0.2136752136752137 0.7068965517241379 0.20512820512820515 0.3103448275862069
0 0.6623931623931625 0.4224137931034483 0.12820512820512822 0.1896551724137931
0 0.43589743589743596 0.46551724137931033 0.10256410256410257 0.1724137931034483
0 0.5470085470085471 0.4568965517241379 0.10256410256410257 0.1896551724137931
0 0.33333333333333337 0.47413793103448276 0.10256410256410257 0.1896551724137931
0 0.7264957264957266 0.24137931034482757 0.10256410256410257 0.1724137931034483
0 0.5726495726495727 0.27586206896551724 0.10256410256410257 0.1724137931034483
0 0.2905982905982906 0.29310344827586204 0.10256410256410257 0.20689655172413793
0 0.8376068376068377 0.23275862068965517 0.10256410256410257 0.1896551724137931
