0 0.38333333333333336 0.7169811320754718 0.2 0.2641509433962264
0 0.5638888888888889 0.6981132075471699 0.17222222222222222 0.25157232704402516
0 0.7388888888888889 0.6635220125786164 0.17777777777777778 0.22012578616352202
0 0.20555555555555557 0.7169811320754718 0.15555555555555556 0.25157232704402516
0 0.6527777777777778 0.2641509433962264 0.09444444444444444 0.22641509433962265
0 0.6111111111111112 0.48427672955974843 0.2 0.2138364779874214
0 0.2611111111111111 0.48742138364779874 0.08888888888888889 0.169811320754717
0 0.5388888888888889 0.27358490566037735 0.12222222222222223 0.22012578616352202
0 0.763888888888889 0.279874213836478 0.1277777777777778 0.27044025157232704
0 0.35555555555555557 0.48742138364779874 0.1 0.169811320754717
0 0.46111111111111114 0.49056603773584906 0.1 0.18867924528301888
0 0.39722222222222225 0.2830188679245283 0.10555555555555556 0.2389937106918239
0 0.24444444444444446 0.27672955974842767 0.2 0.27672955974842767
