0 0.375 0.48484848484848486 0.12037037037037036 0.18181818181818182
0 0.7731481481481481 0.6590909090909091 0.1388888888888889 0.25757575757575757
0 0.5092592592592592 0.6590909090909091 0.12962962962962962 0.25757575757575757
0 0.5972222222222222 0.46212121212121215 0.10185185185185185 0.16666666666666669
0 0.4861111111111111 0.4696969696969697 0.10185185185185185 0.15151515151515152
0 0.3796296296296296 0.6818181818181819 0.12962962962962962 0.2727272727272727
0 0.6388888888888888 0.6666666666666667 0.12962962962962962 0.24242424242424243
0 0.7268518518518519 0.46212121212121215 0.1388888888888889 0.16666666666666669
0 0.5972222222222222 0.32575757575757575 0.08333333333333333 0.16666666666666669
0 0.6759259259259259 0.32575757575757575 0.07407407407407407 0.16666666666666669
