0 0.3959537572254335 0.6473214285714285 0.15606936416184972 0.3839285714285714
0 0.8352601156069364 0.6205357142857143 0.15606936416184972 0.3839285714285714
0 0.6936416184971098 0.6607142857142857 0.13872832369942195 0.4464285714285714
0 0.1907514450867052 0.6517857142857143 0.23121387283236994 0.3571428571428571
0 0.8901734104046243 0.29464285714285715 0.08092485549132948 0.25
0 0.5520231213872832 0.6607142857142857 0.15606936416184972 0.4107142857142857
0 0.630057803468208 0.28125 0.06936416184971098 0.20535714285714285
0 0.7398843930635838 0.2901785714285714 0.06936416184971098 0.1875
0 0.8179190751445087 0.2901785714285714 0.06358381502890173 0.2232142857142857
0 0.5520231213872832 0.29464285714285715 0.07514450867052022 0.19642857142857142
0 0.42774566473988435 0.3214285714285714 0.08092485549132948 0.19642857142857142
