0 0.6007462686567164 0.6959459459459459 0.20149253731343283 0.28378378378378377
0 0.7985074626865671 0.6891891891891893 0.19402985074626866 0.2972972972972973
0 0.23134328358208955 0.722972972972973 0.19402985074626866 0.31081081081081086
0 0.41044776119402987 0.7027027027027027 0.1791044776119403 0.2972972972972973
0 0.5485074626865671 0.4594594594594595 0.15671641791044777 0.21621621621621623
0 0.6455223880597015 0.2567567567567568 0.06716417910447761 0.1891891891891892
0 0.3880597014925373 0.4594594594594595 0.14925373134328357 0.21621621621621623
0 0.7574626865671642 0.45270270270270274 0.21641791044776118 0.22972972972972974
0 0.5447761194029851 0.2567567567567568 0.07462686567164178 0.1891891891891892
0 0.23134328358208955 0.4594594594594595 0.14925373134328357 0.21621621621621623
0 0.7201492537313433 0.2567567567567568 0.06716417910447761 0.1891891891891892
