0 0.6103448275862069 0.7014925373134329 0.2 0.3283582089552239
0 0.8068965517241379 0.6865671641791045 0.19310344827586207 0.29850746268656714
0 0.20689655172413793 0.753731343283582 0.20689655172413793 0.34328358208955223
0 0.4103448275862069 0.7238805970149254 0.2 0.31343283582089554
0 0.7172413793103448 0.2462686567164179 0.09655172413793103 0.22388059701492538
0 0.3310344827586207 0.48507462686567165 0.09655172413793103 0.19402985074626866
0 0.5620689655172414 0.2537313432835821 0.10344827586206896 0.208955223880597
0 0.6517241379310345 0.4552238805970149 0.13103448275862067 0.19402985074626866
0 0.43103448275862066 0.47014925373134325 0.10344827586206896 0.19402985074626866
0 0.5310344827586206 0.4552238805970149 0.09655172413793103 0.19402985074626866
0 0.8206896551724138 0.23880597014925373 0.1103448275862069 0.208955223880597
