0 0.7524271844660193 0.6014492753623188 0.1844660194174757 0.36231884057971014
0 0.5631067961165048 0.6159420289855072 0.19417475728155337 0.391304347826087
0 0.2087378640776699 0.6231884057971014 0.1844660194174757 0.37681159420289856
0 0.38834951456310673 0.6159420289855072 0.17475728155339804 0.36231884057971014
0 0.16019417475728154 0.34782608695652173 0.08737864077669902 0.17391304347826086
0 0.8009708737864077 0.3333333333333333 0.08737864077669902 0.14492753623188406
0 0.4223300970873786 0.32608695652173914 0.1262135922330097 0.18840579710144928
0 0.25728155339805825 0.34057971014492755 0.08737864077669902 0.18840579710144928
0 0.7135922330097086 0.3333333333333333 0.06796116504854369 0.14492753623188406
0 0.30097087378640774 0.34782608695652173 0.09708737864077668 0.17391304347826086
0 0.5970873786407767 0.3333333333333333 0.08737864077669902 0.14492753623188406
0 0.5339805825242718 0.34057971014492755 0.07766990291262135 0.15942028985507248
0 0.6601941747572815 0.3333333333333333 0.07766990291262135 0.14492753623188406
