0 0.603448275862069 0.6893939393939394 0.20689655172413793 0.3181818181818182
0 0.40086206896551724 0.7045454545454546 0.19827586206896552 0.3181818181818182
0 0.8060344827586207 0.6818181818181819 0.21551724137931033 0.30303030303030304
0 0.2025862068965517 0.7196969696969697 0.21551724137931033 0.3181818181818182
0 0.5301724137931034 0.42424242424242425 0.16379310344827586 0.21212121212121213
0 0.19827586206896552 0.46212121212121215 0.1724137931034483 0.19696969696969696
0 0.7543103448275862 0.4166666666666667 0.23275862068965517 0.2272727272727273
0 0.3620689655172414 0.4393939393939394 0.15517241379310345 0.21212121212121213
0 0.625 0.21212121212121213 0.07758620689655173 0.21212121212121213
0 0.5344827586206896 0.2272727272727273 0.10344827586206896 0.21212121212121213
0 0.7112068965517241 0.21212121212121213 0.09482758620689655 0.21212121212121213
