0 0.1891891891891892 0.7011494252873564 0.17567567567567569 0.29885057471264365
0 0.3817567567567568 0.6954022988505747 0.19594594594594594 0.3103448275862069
0 0.5810810810810811 0.6839080459770115 0.1891891891891892 0.3103448275862069
0 0.7871621621621622 0.6724137931034483 0.20945945945945948 0.3103448275862069
0 0.29054054054054057 0.4482758620689655 0.12162162162162163 0.1839080459770115
0 0.41216216216216217 0.4367816091954023 0.12162162162162163 0.20689655172413793
0 0.6824324324324325 0.43103448275862066 0.14864864864864866 0.1954022988505747
0 0.5337837837837838 0.4367816091954023 0.12162162162162163 0.20689655172413793
0 0.5675675675675675 0.24137931034482757 0.0945945945945946 0.16091954022988506
0 0.44594594594594594 0.25287356321839083 0.0945945945945946 0.16091954022988506
0 0.668918918918919 0.2471264367816092 0.0945945945945946 0.14942528735632182
0 0.3310810810810811 0.25862068965517243 0.12162162162162163 0.1724137931034483
