0 0.5078369905956113 0.6138613861386139 0.12539184952978055 0.39603960396039606
0 0.8730407523510971 0.5643564356435644 0.09090909090909091 0.39603960396039606
0 0.2664576802507837 0.6435643564356436 0.12539184952978055 0.39603960396039606
0 0.6269592476489028 0.599009900990099 0.08150470219435736 0.38613861386138615
0 0.7899686520376176 0.599009900990099 0.08150470219435736 0.42574257425742573
0 0.7084639498432601 0.599009900990099 0.08150470219435736 0.38613861386138615
0 0.39184952978056425 0.6386138613861386 0.0877742946708464 0.38613861386138615
0 0.7727272727272727 0.25742574257425743 0.05956112852664577 0.19801980198019803
0 0.7147335423197492 0.25742574257425743 0.05642633228840125 0.19801980198019803
0 0.2476489028213166 0.3217821782178218 0.06896551724137931 0.2079207920792079
