0 0.39949748743718594 0.6929824561403508 0.09547738693467336 0.2982456140350877
0 0.7135678391959799 0.6491228070175439 0.09045226130653267 0.2807017543859649
0 0.6180904522613065 0.6666666666666666 0.10050251256281408 0.2807017543859649
0 0.5050251256281407 0.6842105263157894 0.10552763819095477 0.2807017543859649
0 0.30904522613065327 0.7105263157894737 0.08542713567839195 0.2982456140350877
0 0.8994974874371859 0.6140350877192982 0.09045226130653267 0.2807017543859649
0 0.8065326633165829 0.631578947368421 0.09547738693467336 0.2807017543859649
0 0.228643216080402 0.7280701754385964 0.08542713567839195 0.2982456140350877
0 0.7361809045226131 0.3333333333333333 0.06532663316582915 0.21052631578947367
0 0.6457286432160804 0.3508771929824561 0.07537688442211056 0.21052631578947367
0 0.8090452261306533 0.3157894736842105 0.07035175879396985 0.21052631578947367
