0 0.44366197183098594 0.6475409836065574 0.11267605633802817 0.3770491803278689
0 0.573943661971831 0.6475409836065574 0.1056338028169014 0.3770491803278689
0 0.6725352112676056 0.6639344262295083 0.09154929577464789 0.3770491803278689
0 0.8661971830985916 0.6885245901639344 0.09859154929577466 0.39344262295081966
0 0.3380281690140845 0.6311475409836066 0.09859154929577466 0.3770491803278689
0 0.7676056338028169 0.6803278688524591 0.09859154929577466 0.3770491803278689
0 0.24295774647887325 0.6147540983606558 0.09154929577464789 0.3770491803278689
0 0.15492957746478875 0.6147540983606558 0.09859154929577466 0.3770491803278689
0 0.75 0.36885245901639346 0.07746478873239437 0.24590163934426232
0 0.6690140845070423 0.36065573770491804 0.08450704225352113 0.22950819672131148
0 0.545774647887324 0.3442622950819672 0.09154929577464789 0.22950819672131148
