0 0.27845528455284557 0.5961538461538461 0.06910569105691057 0.47435897435897434
0 0.8089430894308944 0.5064102564102564 0.05691056910569106 0.4230769230769231
0 0.5772357723577236 0.5512820512820512 0.05691056910569106 0.4358974358974359
0 0.6666666666666667 0.5256410256410257 0.11382113821138212 0.4358974358974359
0 0.7459349593495935 0.5128205128205128 0.06097560975609757 0.4358974358974359
0 0.48373983739837406 0.5576923076923077 0.05691056910569106 0.4230769230769231
0 0.4166666666666667 0.5705128205128205 0.06097560975609757 0.4230769230769231
0 0.5304878048780488 0.5512820512820512 0.052845528455284556 0.4358974358974359
0 0.8638211382113822 0.4807692307692307 0.06097560975609757 0.4230769230769231
0 0.35162601626016265 0.5769230769230769 0.06910569105691057 0.4358974358974359
0 0.9207317073170733 0.47435897435897434 0.06097560975609757 0.4615384615384615
0 0.15040650406504066 0.6089743589743589 0.10569105691056911 0.47435897435897434
0 0.21138211382113822 0.6025641025641025 0.0813008130081301 0.4615384615384615
