0 0.7845303867403315 0.6588785046728971 0.22099447513812154 0.308411214953271
0 0.38397790055248615 0.6728971962616822 0.2154696132596685 0.29906542056074764
0 0.18232044198895025 0.6822429906542056 0.1878453038674033 0.29906542056074764
0 0.5828729281767956 0.6728971962616822 0.18232044198895025 0.29906542056074764
0 0.6850828729281768 0.3925233644859813 0.15469613259668508 0.205607476635514
0 0.4116022099447514 0.397196261682243 0.1270718232044199 0.21495327102803738
0 0.2845303867403315 0.40654205607476634 0.1270718232044199 0.21495327102803738
0 0.5386740331491713 0.397196261682243 0.1270718232044199 0.21495327102803738
0 0.5082872928176796 0.205607476635514 0.055248618784530384 0.1308411214953271
0 0.5828729281767956 0.205607476635514 0.049723756906077346 0.1308411214953271
0 0.4005524861878453 0.205607476635514 0.09392265193370165 0.14953271028037382
0 0.6270718232044199 0.205607476635514 0.06077348066298342 0.1308411214953271
0 0.4530386740331491 0.2102803738317757 0.055248618784530384 0.12149532710280372
