0 0.3958333333333333 0.4361702127659574 0.06944444444444445 0.40425531914893614
0 0.611111111111111 0.46808510638297873 0.06944444444444445 0.3404255319148936
0 0.2743055555555555 0.4148936170212766 0.0625 0.3191489361702128
0 0.75 0.5106382978723404 0.06944444444444445 0.3404255319148936
0 0.548611111111111 0.46808510638297873 0.05555555555555555 0.3404255319148936
0 0.5 0.4574468085106383 0.06944444444444445 0.36170212765957444
0 0.1423611111111111 0.40425531914893614 0.11805555555555555 0.3829787234042553
0 0.798611111111111 0.5106382978723404 0.05555555555555555 0.3404255319148936
0 0.9027777777777777 0.5212765957446809 0.05555555555555555 0.3191489361702128
0 0.8506944444444444 0.5212765957446809 0.07638888888888888 0.36170212765957444
0 0.19444444444444442 0.4148936170212766 0.09722222222222221 0.36170212765957444
