0 0.3973509933774834 0.6060606060606061 0.1986754966887417 0.2727272727272727
0 0.20198675496688742 0.5681818181818182 0.19205298013245034 0.25757575757575757
0 0.7880794701986755 0.6590909090909091 0.18543046357615894 0.2878787878787879
0 0.5960264900662252 0.6363636363636364 0.18543046357615894 0.2727272727272727
0 0.8311258278145696 0.4393939393939394 0.08609271523178808 0.18181818181818182
0 0.7582781456953642 0.42424242424242425 0.059602649006622516 0.18181818181818182
0 0.695364238410596 0.4090909090909091 0.06622516556291391 0.18181818181818182
0 0.5463576158940397 0.38636363636363635 0.0728476821192053 0.16666666666666669
0 0.4768211920529801 0.3712121212121212 0.06622516556291391 0.16666666666666669
0 0.6291390728476821 0.3939393939393939 0.06622516556291391 0.18181818181818182
0 0.38741721854304634 0.3484848484848485 0.0728476821192053 0.18181818181818182
