0 0.39473684210526316 0.6542553191489362 0.21637426900584794 0.4148936170212766
0 0.6228070175438596 0.6436170212765957 0.21637426900584794 0.4361702127659574
0 0.8333333333333333 0.6223404255319149 0.21637426900584794 0.4574468085106383
0 0.17251461988304093 0.6648936170212766 0.21637426900584794 0.4361702127659574
0 0.8099415204678362 0.26063829787234044 0.07602339181286549 0.22340425531914893
0 0.7426900584795322 0.26063829787234044 0.05847953216374269 0.22340425531914893
0 0.6257309941520468 0.2712765957446808 0.05847953216374269 0.20212765957446807
0 0.5526315789473684 0.2712765957446808 0.05263157894736842 0.20212765957446807
0 0.4941520467836257 0.2765957446808511 0.06432748538011696 0.2127659574468085
0 0.6842105263157894 0.26063829787234044 0.05847953216374269 0.22340425531914893
0 0.4093567251461988 0.28191489361702127 0.07017543859649122 0.20212765957446807
