0 0.7929936305732485 0.7272727272727273 0.18471337579617836 0.21818181818181817
0 0.713375796178344 0.33636363636363636 0.07643312101910829 0.19999999999999998
0 0.20063694267515925 0.7454545454545454 0.17197452229299365 0.21818181818181817
0 0.5318471337579618 0.34545454545454546 0.08280254777070065 0.21818181818181817
0 0.6369426751592357 0.33636363636363636 0.07643312101910829 0.19999999999999998
0 0.18789808917197454 0.5545454545454546 0.15923566878980894 0.19999999999999998
0 0.39171974522292996 0.7363636363636363 0.17197452229299365 0.23636363636363636
0 0.3853503184713376 0.5545454545454546 0.15923566878980894 0.19999999999999998
0 0.767515923566879 0.5272727272727272 0.17197452229299365 0.21818181818181817
0 0.5796178343949044 0.7272727272727273 0.1656050955414013 0.21818181818181817
0 0.5764331210191083 0.5454545454545454 0.15923566878980894 0.18181818181818182
