0 0.35374149659863946 0.5119047619047619 0.13605442176870747 0.21428571428571427
0 0.7993197278911565 0.738095238095238 0.19727891156462585 0.26190476190476186
0 0.19387755102040816 0.7916666666666666 0.19727891156462585 0.2738095238095238
0 0.7482993197278911 0.4821428571428571 0.21768707482993196 0.22619047619047616
0 0.21088435374149658 0.5178571428571428 0.13605442176870747 0.20238095238095238
0 0.5952380952380952 0.7619047619047619 0.21088435374149658 0.26190476190476186
0 0.391156462585034 0.7738095238095237 0.19727891156462585 0.2857142857142857
0 0.4931972789115646 0.5 0.14285714285714285 0.21428571428571427
0 0.7448979591836734 0.25595238095238093 0.08843537414965986 0.17857142857142855
0 0.5476190476190476 0.27976190476190477 0.08843537414965986 0.17857142857142855
0 0.6598639455782312 0.26190476190476186 0.08163265306122448 0.19047619047619047
