0 0.15384615384615385 0.6666666666666666 0.2197802197802198 0.47058823529411764
0 0.3708791208791209 0.6666666666666666 0.2142857142857143 0.45098039215686275
0 0.8021978021978022 0.6519607843137255 0.2087912087912088 0.4411764705882353
0 0.5934065934065934 0.6617647058823529 0.2087912087912088 0.46078431372549017
0 0.39560439560439564 0.29901960784313725 0.09890109890109891 0.14705882352941177
0 0.6868131868131868 0.29901960784313725 0.13186813186813187 0.14705882352941177
0 0.5027472527472527 0.3088235294117647 0.1043956043956044 0.14705882352941177
0 0.2802197802197802 0.31862745098039214 0.1208791208791209 0.14705882352941177
0 0.6675824175824177 0.16666666666666666 0.049450549450549455 0.11764705882352941
0 0.7197802197802199 0.16666666666666666 0.05494505494505495 0.11764705882352941
