0 0.794921875 0.5215053763440861 0.06640625 0.4838709677419355
0 0.73046875 0.5322580645161291 0.0703125 0.4623655913978495
0 0.640625 0.5322580645161291 0.0859375 0.4838709677419355
0 0.857421875 0.5215053763440861 0.06640625 0.4623655913978495
0 0.923828125 0.5161290322580645 0.07421875 0.4731182795698925
0 0.568359375 0.5483870967741936 0.05859375 0.49462365591397855
0 0.376953125 0.5537634408602151 0.05859375 0.4838709677419355
0 0.3203125 0.5591397849462366 0.0546875 0.4731182795698925
0 0.515625 0.5537634408602151 0.0546875 0.4838709677419355
0 0.251953125 0.5967741935483871 0.05859375 0.5268817204301076
0 0.45703125 0.5537634408602151 0.0625 0.4838709677419355
