0 0.166667 0.475962 0.154930 0.394231
0 0.765258 0.432692 0.103286 0.442308
0 0.427230 0.456731 0.140845 0.394231
0 0.579812 0.432692 0.098592 0.403846
0 0.307512 0.466346 0.098592 0.375000
0 0.673709 0.442308 0.089202 0.423077
0 0.863850 0.427885 0.084507 0.432692
0 0.281690 0.807692 0.140845 0.230769
0 0.399061 0.802885 0.056338 0.221154
0 0.507042 0.798077 0.131455 0.230769
0 0.610329 0.788462 0.046948 0.211538
0 0.664319 0.798077 0.042254 0.192308
0 0.713615 0.793269 0.046948 0.182692
0 0.772300 0.783654 0.061033 0.201923
