0 0.6401384083044983 0.5 0.06920415224913495 0.48148148148148145
0 0.5709342560553633 0.5 0.06228373702422146 0.5061728395061729
0 0.7820069204152249 0.4629629629629629 0.05536332179930796 0.5061728395061729
0 0.7214532871972319 0.4691358024691358 0.06574394463667821 0.49382716049382713
0 0.5103806228373703 0.5061728395061729 0.058823529411764705 0.49382716049382713
0 0.8391003460207612 0.4567901234567901 0.058823529411764705 0.5185185185185185
0 0.4463667820069204 0.5185185185185185 0.07612456747404844 0.49382716049382713
0 0.2370242214532872 0.5555555555555556 0.058823529411764705 0.5185185185185185
0 0.3719723183391004 0.5246913580246914 0.058823529411764705 0.5061728395061729
0 0.3096885813148789 0.5308641975308641 0.06574394463667821 0.49382716049382713
0 0.8979238754325259 0.4567901234567901 0.06574394463667821 0.5185185185185185
