0 0.5 0.4318181818181818 0.07792207792207792 0.4090909090909091
0 0.4253246753246753 0.4545454545454546 0.08441558441558442 0.42424242424242425
0 0.577922077922078 0.42424242424242425 0.07792207792207792 0.42424242424242425
0 0.7873376623376623 0.38636363636363635 0.06818181818181819 0.4090909090909091
0 0.3490259740259741 0.46212121212121215 0.08766233766233766 0.4393939393939394
0 0.6461038961038962 0.4166666666666667 0.06493506493506494 0.4090909090909091
0 0.2159090909090909 0.5075757575757576 0.10714285714285715 0.4696969696969697
0 0.7159090909090909 0.4090909090909091 0.08116883116883117 0.42424242424242425
0 0.11363636363636365 0.5151515151515151 0.09740259740259741 0.48484848484848486
0 0.8506493506493507 0.3787878787878788 0.07142857142857144 0.42424242424242425
0 0.8993506493506495 0.3787878787878788 0.1038961038961039 0.4545454545454546
0 0.28084415584415584 0.5 0.07467532467532469 0.4545454545454546
