0 0.6701680672268907 0.5298507462686567 0.07983193277310924 0.4925373134328358
0 0.7478991596638656 0.5149253731343284 0.058823529411764705 0.4626865671641791
0 0.8046218487394957 0.5074626865671642 0.0546218487394958 0.47761194029850745
0 0.4789915966386554 0.5671641791044776 0.058823529411764705 0.44776119402985076
0 0.25630252100840334 0.6119402985074627 0.06722689075630252 0.44776119402985076
0 0.4159663865546218 0.5746268656716418 0.058823529411764705 0.43283582089552236
0 0.592436974789916 0.5597014925373134 0.058823529411764705 0.4626865671641791
0 0.35714285714285715 0.5895522388059702 0.06722689075630252 0.43283582089552236
0 0.5357142857142857 0.5597014925373134 0.0546218487394958 0.4626865671641791
0 0.8550420168067226 0.48507462686567165 0.0546218487394958 0.4925373134328358
0 0.9117647058823529 0.48507462686567165 0.06722689075630252 0.4925373134328358
