0 0.39179104477611937 0.7033898305084746 0.20149253731343283 0.288135593220339
0 0.5970149253731343 0.6949152542372882 0.208955223880597 0.3050847457627119
0 0.18656716417910446 0.7033898305084746 0.19402985074626866 0.3220338983050847
0 0.8059701492537313 0.6779661016949152 0.19402985074626866 0.3050847457627119
0 0.6417910447761194 0.4406779661016949 0.11940298507462686 0.2033898305084746
0 0.5223880597014925 0.4406779661016949 0.08955223880597014 0.2033898305084746
0 0.3283582089552239 0.4576271186440678 0.1044776119402985 0.2033898305084746
0 0.4253731343283582 0.4406779661016949 0.08955223880597014 0.2033898305084746
0 0.5447761194029851 0.2542372881355932 0.08955223880597014 0.2033898305084746
0 0.6604477611940298 0.2542372881355932 0.08208955223880597 0.2033898305084746
0 0.7462686567164178 0.2457627118644068 0.08955223880597014 0.22033898305084745
