0 0.3866279069767442 0.6440677966101694 0.20348837209302326 0.3050847457627119
0 0.5959302325581395 0.6271186440677966 0.19186046511627908 0.3050847457627119
0 0.18313953488372092 0.6610169491525424 0.19186046511627908 0.3050847457627119
0 0.7994186046511628 0.6101694915254238 0.19186046511627908 0.3050847457627119
0 0.8372093023255813 0.3474576271186441 0.08139534883720931 0.1864406779661017
0 0.7587209302325582 0.3474576271186441 0.06395348837209303 0.1864406779661017
0 0.47093023255813954 0.3728813559322034 0.06976744186046512 0.2033898305084746
0 0.3808139534883721 0.3898305084745763 0.0755813953488372 0.2033898305084746
0 0.6947674418604651 0.3644067796610169 0.06395348837209303 0.1864406779661017
0 0.6308139534883721 0.3644067796610169 0.06395348837209303 0.1864406779661017
0 0.5377906976744186 0.3644067796610169 0.06395348837209303 0.1864406779661017
