0 0.4291044776119403 0.65 0.12686567164179105 0.30000000000000004
0 0.6716417910447761 0.6125 0.08955223880597014 0.325
0 0.5671641791044776 0.6375000000000001 0.1044776119402985 0.325
0 0.12686567164179105 0.6875 0.1044776119402985 0.325
0 0.7649253731343283 0.5875 0.09701492537313433 0.325
0 0.8656716417910447 0.55 0.1044776119402985 0.35000000000000003
0 0.22014925373134328 0.6875 0.09701492537313433 0.325
0 0.6529850746268656 0.325 0.06716417910447761 0.25
0 0.3171641791044776 0.6625000000000001 0.09701492537313433 0.275
0 0.7201492537313433 0.325 0.06716417910447761 0.25
0 0.5485074626865671 0.36250000000000004 0.08208955223880597 0.275
