0 0.4733606557377049 0.6573033707865168 0.1434426229508197 0.3033707865168539
0 0.10245901639344263 0.6573033707865168 0.1721311475409836 0.3258426966292135
0 0.6127049180327869 0.6573033707865168 0.11065573770491804 0.3033707865168539
0 0.7172131147540984 0.651685393258427 0.10655737704918034 0.3146067415730337
0 0.819672131147541 0.6460674157303371 0.09836065573770492 0.3033707865168539
0 0.3504098360655738 0.6685393258426966 0.10245901639344263 0.3258426966292135
0 0.24590163934426232 0.6629213483146067 0.10655737704918034 0.3146067415730337
0 0.9221311475409837 0.6404494382022472 0.10655737704918034 0.29213483146067415
0 0.21721311475409838 0.38764044943820225 0.12295081967213116 0.3033707865168539
0 0.7459016393442623 0.38764044943820225 0.18032786885245902 0.21348314606741572
