0 0.44417475728155337 0.6015625 0.1407766990291262 0.453125
0 0.5728155339805825 0.625 0.11650485436893203 0.4375
0 0.6820388349514562 0.6484375 0.10194174757281553 0.421875
0 0.3203883495145631 0.5703125 0.10679611650485436 0.421875
0 0.11893203883495145 0.5234375 0.10194174757281553 0.421875
0 0.21844660194174756 0.546875 0.10679611650485436 0.4375
0 0.7936893203883495 0.6640625 0.1116504854368932 0.421875
0 0.9029126213592232 0.6953125 0.10679611650485436 0.421875
0 0.6407766990291262 0.3359375 0.04854368932038834 0.171875
0 0.5946601941747572 0.328125 0.04368932038834951 0.1875
0 0.5266990291262136 0.296875 0.04368932038834951 0.1875
