0 0.21616541353383456 0.5961538461538461 0.2593984962406015 0.2948717948717949
0 0.4906015037593985 0.6858974358974359 0.24436090225563908 0.3205128205128205
0 0.7669172932330827 0.7243589743589743 0.2781954887218045 0.3205128205128205
0 0.3383458646616541 0.41666666666666663 0.08270676691729323 0.14102564102564102
0 0.6184210526315789 0.4807692307692307 0.10902255639097744 0.14102564102564102
0 0.42669172932330823 0.42948717948717946 0.08646616541353383 0.14102564102564102
0 0.5958646616541353 0.3205128205128205 0.10150375939849623 0.1794871794871795
0 0.7011278195488722 0.33974358974358976 0.10150375939849623 0.16666666666666666
0 0.30451127819548873 0.25 0.11278195488721804 0.1923076923076923
0 0.5150375939849624 0.4551282051282051 0.08270676691729323 0.14102564102564102
0 0.43421052631578944 0.28205128205128205 0.10150375939849623 0.1794871794871795
