0 0.6889763779527559 0.5273972602739726 0.07874015748031496 0.4520547945205479
0 0.765748031496063 0.5068493150684932 0.05905511811023622 0.4383561643835616
0 0.4311023622047244 0.5547945205479452 0.05905511811023622 0.4246575342465753
0 0.3720472440944882 0.5684931506849314 0.05905511811023622 0.4246575342465753
0 0.6062992125984252 0.5342465753424657 0.05511811023622047 0.4383561643835616
0 0.9133858267716535 0.4794520547945205 0.05511811023622047 0.4657534246575342
0 0.5059055118110236 0.547945205479452 0.05905511811023622 0.4383561643835616
0 0.8188976377952756 0.5068493150684932 0.047244094488188976 0.4383561643835616
0 0.27755905511811024 0.5821917808219178 0.06692913385826771 0.4246575342465753
0 0.8661417322834646 0.4794520547945205 0.05511811023622047 0.4383561643835616
0 0.5570866141732284 0.547945205479452 0.051181102362204724 0.4383561643835616
