0 0.8027777777777778 0.509090909090909 0.061111111111111116 0.43636363636363634
0 0.6694444444444445 0.5272727272727272 0.07222222222222223 0.43636363636363634
0 0.7416666666666667 0.5181818181818182 0.061111111111111116 0.41818181818181815
0 0.5972222222222222 0.5454545454545454 0.061111111111111116 0.43636363636363634
0 0.3388888888888889 0.5909090909090908 0.06666666666666667 0.41818181818181815
0 0.46944444444444444 0.5727272727272728 0.07222222222222223 0.41818181818181815
0 0.5361111111111111 0.5636363636363636 0.061111111111111116 0.43636363636363634
0 0.26666666666666666 0.609090909090909 0.06666666666666667 0.41818181818181815
0 0.8555555555555556 0.509090909090909 0.05555555555555556 0.43636363636363634
0 0.4 0.5909090909090908 0.05555555555555556 0.41818181818181815
0 0.9194444444444445 0.4818181818181818 0.07222222222222223 0.45454545454545453
