0 0.4162011173184358 0.6926605504587157 0.13966480446927373 0.30275229357798167
0 0.8631284916201117 0.6605504587155964 0.10614525139664804 0.3302752293577982
0 0.30446927374301674 0.6926605504587157 0.10614525139664804 0.3211009174311927
0 0.5251396648044693 0.3302752293577982 0.0782122905027933 0.23853211009174313
0 0.7681564245810056 0.6651376146788991 0.09497206703910614 0.30275229357798167
0 0.20670391061452514 0.6972477064220184 0.1005586592178771 0.29357798165137616
0 0.6675977653631285 0.6697247706422018 0.10614525139664804 0.3119266055045872
0 0.111731843575419 0.7064220183486238 0.1005586592178771 0.29357798165137616
0 0.6368715083798883 0.32568807339449546 0.0782122905027933 0.22935779816513763
0 0.7094972067039106 0.3211009174311927 0.0782122905027933 0.23853211009174313
0 0.5642458100558659 0.6697247706422018 0.111731843575419 0.3119266055045872
