0 0.6721311475409837 0.47857142857142854 0.07377049180327869 0.44285714285714284
0 0.7848360655737705 0.45714285714285713 0.06147540983606558 0.42857142857142855
0 0.5081967213114754 0.5142857142857142 0.04918032786885246 0.42857142857142855
0 0.3155737704918033 0.5499999999999999 0.06557377049180328 0.41428571428571426
0 0.8381147540983607 0.44285714285714284 0.05327868852459017 0.42857142857142855
0 0.4487704918032787 0.5285714285714286 0.05327868852459017 0.42857142857142855
0 0.39344262295081966 0.5285714285714286 0.05737704918032787 0.42857142857142855
0 0.6004098360655739 0.4857142857142857 0.05327868852459017 0.42857142857142855
0 0.8872950819672132 0.44285714285714284 0.05327868852459017 0.42857142857142855
0 0.555327868852459 0.5071428571428571 0.045081967213114756 0.41428571428571426
0 0.9344262295081968 0.4357142857142857 0.04918032786885246 0.44285714285714284
