0 0.6885245901639344 0.5220588235294118 0.12295081967213116 0.39705882352941174
0 0.7807377049180328 0.5220588235294118 0.06147540983606558 0.39705882352941174
0 0.26229508196721313 0.5588235294117647 0.07377049180327869 0.38235294117647056
0 0.4754098360655738 0.5294117647058824 0.05737704918032787 0.3529411764705882
0 0.34016393442622955 0.5441176470588235 0.05737704918032787 0.3529411764705882
0 0.5286885245901639 0.5294117647058824 0.05737704918032787 0.3529411764705882
0 0.5860655737704918 0.5294117647058824 0.06557377049180328 0.38235294117647056
0 0.8913934426229508 0.5073529411764706 0.045081967213114756 0.3676470588235294
0 0.39959016393442626 0.5441176470588235 0.05327868852459017 0.3529411764705882
0 0.9426229508196722 0.5073529411764706 0.04918032786885246 0.3676470588235294
0 0.8401639344262295 0.5147058823529411 0.04918032786885246 0.3529411764705882
0 0.07377049180327869 0.5661764705882353 0.10655737704918034 0.4852941176470588
0 0.16598360655737707 0.5661764705882353 0.11065573770491804 0.4264705882352941
0 0.9856557377049181 0.5147058823529411 0.020491803278688527 0.38235294117647056
