0 0.6984126984126984 0.4745762711864407 0.08465608465608465 0.4406779661016949
0 0.28835978835978837 0.559322033898305 0.08994708994708994 0.4406779661016949
0 0.38095238095238093 0.5508474576271186 0.06349206349206349 0.4576271186440678
0 0.5052910052910052 0.5254237288135594 0.0582010582010582 0.4406779661016949
0 0.611111111111111 0.5084745762711864 0.0582010582010582 0.4406779661016949
0 0.43915343915343913 0.5423728813559322 0.06349206349206349 0.4745762711864407
0 0.873015873015873 0.4322033898305085 0.05291005291005291 0.423728813559322
0 0.82010582010582 0.4576271186440678 0.05291005291005291 0.4406779661016949
0 0.5555555555555556 0.5084745762711864 0.05291005291005291 0.4406779661016949
0 0.7883597883597884 0.4661016949152542 0.06349206349206349 0.423728813559322
0 0.9259259259259258 0.423728813559322 0.07407407407407407 0.4406779661016949
