0 0.19264069264069264 0.4811320754716981 0.12554112554112554 0.5094339622641509
0 0.46320346320346323 0.5188679245283019 0.11255411255411256 0.5094339622641509
0 0.5627705627705628 0.5188679245283019 0.08658008658008658 0.5094339622641509
0 0.8051948051948052 0.5471698113207547 0.07792207792207792 0.49056603773584906
0 0.29653679653679654 0.5094339622641509 0.0735930735930736 0.49056603773584906
0 0.6428571428571429 0.5188679245283019 0.08225108225108226 0.4716981132075472
0 0.37012987012987014 0.5094339622641509 0.08225108225108226 0.49056603773584906
0 0.7207792207792207 0.5188679245283019 0.08225108225108226 0.4716981132075472
0 0.8917748917748918 0.5471698113207547 0.09523809523809523 0.49056603773584906
0 0.08441558441558442 0.4716981132075472 0.09090909090909091 0.49056603773584906
