0 0.2006578947368421 0.6181818181818182 0.1907894736842105 0.32727272727272727
0 0.7927631578947368 0.6909090909090909 0.1907894736842105 0.32727272727272727
0 0.4013157894736842 0.6363636363636364 0.19736842105263158 0.32727272727272727
0 0.5986842105263157 0.6545454545454545 0.18421052631578946 0.32727272727272727
0 0.48026315789473684 0.3818181818181818 0.06578947368421052 0.21818181818181817
0 0.8355263157894737 0.42727272727272725 0.07894736842105263 0.19999999999999998
0 0.5493421052631579 0.3909090909090909 0.07236842105263158 0.19999999999999998
0 0.763157894736842 0.40909090909090906 0.06578947368421052 0.19999999999999998
0 0.700657894736842 0.3909090909090909 0.05921052631578947 0.19999999999999998
0 0.3914473684210526 0.36363636363636365 0.07236842105263158 0.21818181818181817
0 0.638157894736842 0.3909090909090909 0.06578947368421052 0.19999999999999998
