0 0.20297029702970298 0.6923076923076923 0.18811881188118812 0.2692307692307693
0 0.6039603960396039 0.6442307692307693 0.1782178217821782 0.25
0 0.801980198019802 0.6153846153846154 0.1782178217821782 0.2692307692307693
0 0.39603960396039606 0.6826923076923077 0.19801980198019803 0.25
0 0.6435643564356436 0.4326923076923077 0.1188118811881188 0.17307692307692307
0 0.5297029702970297 0.4519230769230769 0.0891089108910891 0.17307692307692307
0 0.4306930693069307 0.4711538461538462 0.0891089108910891 0.17307692307692307
0 0.3316831683168317 0.4807692307692308 0.10891089108910891 0.15384615384615385
0 0.5544554455445545 0.2884615384615385 0.07920792079207921 0.15384615384615385
0 0.6534653465346535 0.27884615384615385 0.07920792079207921 0.17307692307692307
