0 0.4268774703557312 0.4845360824742268 0.05533596837944664 0.30927835051546393
0 0.8458498023715414 0.5721649484536082 0.07114624505928853 0.36082474226804123
0 0.37154150197628455 0.4742268041237113 0.05533596837944664 0.30927835051546393
0 0.7766798418972332 0.5515463917525774 0.06719367588932806 0.31958762886597936
0 0.9130434782608695 0.5824742268041238 0.07905138339920947 0.36082474226804123
0 0.683794466403162 0.5360824742268041 0.09486166007905138 0.35051546391752575
0 0.5474308300395256 0.5051546391752577 0.043478260869565216 0.32989690721649484
0 0.9723320158102766 0.5979381443298969 0.05533596837944664 0.3917525773195876
0 0.5968379446640316 0.5257731958762887 0.05533596837944664 0.35051546391752575
0 0.49407114624505927 0.4845360824742268 0.05533596837944664 0.30927835051546393
0 0.30039525691699603 0.4742268041237113 0.05533596837944664 0.32989690721649484
