0 0.6109589041095891 0.521551724137931 0.09863013698630137 0.47413793103448276
0 0.7041095890410959 0.521551724137931 0.06027397260273973 0.4568965517241379
0 0.3287671232876712 0.5646551724137931 0.06575342465753425 0.4396551724137931
0 0.821917808219178 0.5129310344827586 0.06575342465753425 0.5086206896551724
0 0.263013698630137 0.5689655172413793 0.06575342465753425 0.4482758620689655
0 0.18767123287671234 0.603448275862069 0.0684931506849315 0.5
0 0.4 0.5560344827586207 0.06575342465753425 0.4396551724137931
0 0.11095890410958904 0.6077586206896551 0.07397260273972603 0.5086206896551724
0 0.7643835616438356 0.521551724137931 0.06027397260273973 0.49137931034482757
0 0.8849315068493151 0.48275862068965514 0.07123287671232877 0.48275862068965514
0 0.5219178082191781 0.5474137931034483 0.0684931506849315 0.4568965517241379
0 0.4589041095890411 0.5517241379310345 0.057534246575342465 0.4482758620689655
