0 0.415584 0.555556 0.181818 0.311111
0 0.214286 0.572222 0.181818 0.322222
0 0.607143 0.555556 0.175325 0.311111
0 0.516234 0.288889 0.110390 0.222222
0 0.805195 0.527778 0.181818 0.322222
0 0.357143 0.294444 0.168831 0.211111
0 0.668831 0.277778 0.168831 0.222222
0 0.259740 0.800000 0.181818 0.155556
0 0.399351 0.794444 0.058442 0.166667
0 0.519481 0.783333 0.142857 0.166667
0 0.639610 0.788889 0.045455 0.177778
0 0.698052 0.783333 0.045455 0.166667
0 0.759740 0.783333 0.064935 0.211111
0 0.827922 0.766667 0.058442 0.155556
