0 0.6122448979591837 0.6650485436893203 0.20408163265306123 0.35922330097087374
0 0.8333333333333333 0.645631067961165 0.22448979591836735 0.37864077669902907
0 0.4013605442176871 0.6796116504854368 0.21768707482993196 0.3689320388349514
0 0.18367346938775508 0.6941747572815533 0.20408163265306123 0.37864077669902907
0 0.7448979591836734 0.3203883495145631 0.08843537414965986 0.21359223300970873
0 0.2653061224489796 0.37378640776699024 0.08163265306122448 0.24271844660194172
0 0.3435374149659864 0.3495145631067961 0.07482993197278912 0.21359223300970873
0 0.6700680272108843 0.3252427184466019 0.061224489795918366 0.20388349514563106
0 0.6122448979591837 0.33009708737864074 0.05442176870748299 0.21359223300970873
0 0.5544217687074829 0.3349514563106796 0.061224489795918366 0.20388349514563106
0 0.47959183673469385 0.34466019417475724 0.061224489795918366 0.20388349514563106
0 0.42176870748299317 0.34466019417475724 0.06802721088435373 0.20388349514563106
