0 0.19444444444444442 0.68 0.2037037037037037 0.28
0 0.39814814814814814 0.7000000000000001 0.2037037037037037 0.28
0 0.6064814814814814 0.7000000000000001 0.19444444444444442 0.28
0 0.8101851851851851 0.6900000000000001 0.19444444444444442 0.3
0 0.3333333333333333 0.48 0.1111111111111111 0.2
0 0.6481481481481481 0.48 0.12962962962962962 0.2
0 0.5277777777777778 0.47000000000000003 0.09259259259259259 0.18
0 0.4351851851851852 0.47000000000000003 0.09259259259259259 0.18
0 0.6666666666666666 0.29 0.07407407407407407 0.18
0 0.5601851851851851 0.29 0.10185185185185185 0.18
0 0.7453703703703703 0.31 0.08333333333333333 0.18
