0 0.5955882352941176 0.6636363636363636 0.20588235294117646 0.34545454545454546
0 0.1875 0.5909090909090908 0.19852941176470587 0.3090909090909091
0 0.8014705882352942 0.6909090909090909 0.19117647058823528 0.32727272727272727
0 0.39338235294117646 0.6363636363636364 0.19852941176470587 0.32727272727272727
0 0.8419117647058824 0.41818181818181815 0.08088235294117647 0.21818181818181817
0 0.4779411764705882 0.3727272727272727 0.07352941176470588 0.19999999999999998
0 0.38235294117647056 0.34545454545454546 0.07352941176470588 0.21818181818181817
0 0.7610294117647058 0.40909090909090906 0.0661764705882353 0.19999999999999998
0 0.6397058823529411 0.3909090909090909 0.07352941176470588 0.19999999999999998
0 0.7022058823529411 0.40909090909090906 0.0661764705882353 0.19999999999999998
0 0.5441176470588235 0.3727272727272727 0.07352941176470588 0.19999999999999998
