0 0.717391304347826 0.5094339622641509 0.07246376811594203 0.4528301886792453
0 0.7789855072463768 0.5094339622641509 0.06521739130434782 0.4150943396226415
0 0.8369565217391305 0.5094339622641509 0.06521739130434782 0.4150943396226415
0 0.8985507246376812 0.5 0.07246376811594203 0.43396226415094336
0 0.37318840579710144 0.5566037735849056 0.06521739130434782 0.4716981132075472
0 0.21739130434782608 0.5660377358490566 0.08695652173913043 0.4528301886792453
0 0.13043478260869565 0.5754716981132075 0.08695652173913043 0.4716981132075472
0 0.3079710144927536 0.5660377358490566 0.07971014492753624 0.4528301886792453
0 0.4492753623188406 0.5471698113207547 0.07246376811594203 0.4528301886792453
0 0.6304347826086957 0.5283018867924528 0.08695652173913043 0.4528301886792453
0 0.5615942028985508 0.5471698113207547 0.06521739130434782 0.4528301886792453
0 0.5108695652173914 0.5566037735849056 0.06521739130434782 0.43396226415094336
