0 0.6725888324873096 0.5163043478260869 0.07614213197969542 0.3804347826086956
0 0.8553299492385786 0.483695652173913 0.06598984771573603 0.3804347826086956
0 0.7385786802030456 0.5054347826086957 0.055837563451776644 0.33695652173913043
0 0.07868020304568528 0.6413043478260869 0.09644670050761421 0.3913043478260869
0 0.7944162436548222 0.4891304347826087 0.06598984771573603 0.3695652173913043
0 0.9137055837563451 0.46195652173913043 0.07106598984771573 0.3804347826086956
0 0.6091370558375634 0.532608695652174 0.050761421319796954 0.34782608695652173
0 0.5126903553299492 0.5543478260869565 0.050761421319796954 0.34782608695652173
0 0.5609137055837563 0.5489130434782609 0.055837563451776644 0.33695652173913043
0 0.416243654822335 0.5760869565217391 0.06091370558375634 0.3695652173913043
0 0.36548223350253806 0.5815217391304348 0.06091370558375634 0.3804347826086956
