0 0.6006711409395973 0.24404761904761904 0.0738255033557047 0.20238095238095238
0 0.5201342281879194 0.25595238095238093 0.0738255033557047 0.20238095238095238
0 0.5704697986577181 0.4583333333333333 0.1476510067114094 0.20238095238095238
0 0.43288590604026844 0.25595238095238093 0.0738255033557047 0.20238095238095238
0 0.7718120805369127 0.6607142857142857 0.174496644295302 0.25
0 0.20134228187919462 0.6964285714285714 0.174496644295302 0.22619047619047616
0 0.3926174496644295 0.47023809523809523 0.18120805369127516 0.22619047619047616
0 0.35570469798657717 0.26190476190476186 0.09395973154362416 0.21428571428571427
0 0.5906040268456376 0.6845238095238095 0.1610738255033557 0.2738095238095238
0 0.38926174496644295 0.6904761904761905 0.174496644295302 0.26190476190476186
0 0.761744966442953 0.46428571428571425 0.2080536912751678 0.2857142857142857
0 0.20134228187919462 0.47023809523809523 0.174496644295302 0.2738095238095238
