0 0.5793650793650793 0.6582278481012658 0.19047619047619047 0.3037974683544304
0 0.20238095238095238 0.6962025316455696 0.1984126984126984 0.35443037974683544
0 0.7579365079365079 0.6518987341772152 0.18253968253968253 0.31645569620253167
0 0.4444444444444444 0.37341772151898733 0.09523809523809523 0.21518987341772153
0 0.5396825396825397 0.37341772151898733 0.09523809523809523 0.24050632911392406
0 0.3849206349206349 0.6708860759493671 0.18253968253968253 0.3291139240506329
0 0.30158730158730157 0.3860759493670886 0.14285714285714285 0.21518987341772153
0 0.6746031746031745 0.3670886075949367 0.1111111111111111 0.22784810126582278
0 0.16269841269841268 0.3924050632911392 0.11904761904761904 0.20253164556962025
0 0.7936507936507936 0.3860759493670886 0.12698412698412698 0.18987341772151897
