0 0.8205128205128205 0.6947368421052631 0.21794871794871795 0.29473684210526313
0 0.6057692307692307 0.7052631578947368 0.1987179487179487 0.29473684210526313
0 0.3942307692307692 0.7157894736842105 0.21153846153846154 0.29473684210526313
0 0.36217948717948717 0.45789473684210524 0.17307692307692307 0.22105263157894736
0 0.1858974358974359 0.4631578947368421 0.16666666666666666 0.21052631578947367
0 0.1858974358974359 0.731578947368421 0.20512820512820512 0.28421052631578947
0 0.5352564102564102 0.4473684210526316 0.17307692307692307 0.22105263157894736
0 0.7628205128205128 0.43684210526315786 0.23076923076923075 0.22105263157894736
0 0.5128205128205128 0.24210526315789474 0.07692307692307693 0.16842105263157894
0 0.6474358974358975 0.23684210526315788 0.07692307692307693 0.15789473684210525
0 0.7211538461538461 0.23684210526315788 0.07051282051282051 0.17894736842105263
