0 0.4408284023668639 0.6071428571428571 0.13609467455621302 0.46428571428571425
0 0.5798816568047337 0.5982142857142857 0.10650887573964497 0.4464285714285714
0 0.7928994082840236 0.5625 0.10650887573964497 0.4464285714285714
0 0.6863905325443787 0.5714285714285714 0.10650887573964497 0.42857142857142855
0 0.21597633136094674 0.6517857142857143 0.10059171597633136 0.4464285714285714
0 0.11834319526627218 0.6517857142857143 0.09467455621301775 0.4464285714285714
0 0.3195266272189349 0.6339285714285714 0.10650887573964497 0.4464285714285714
0 0.9023668639053254 0.5535714285714285 0.11242603550295857 0.42857142857142855
0 0.5473372781065089 0.2857142857142857 0.05325443786982249 0.17857142857142855
0 0.6153846153846154 0.26785714285714285 0.047337278106508875 0.17857142857142855
0 0.6627218934911242 0.2589285714285714 0.047337278106508875 0.19642857142857142
