0 0.21476510067114093 0.46739130434782605 0.06711409395973154 0.3695652173913043
0 0.12751677852348994 0.45652173913043476 0.09395973154362416 0.34782608695652173
0 0.2919463087248322 0.46739130434782605 0.060402684563758385 0.32608695652173914
0 0.8691275167785235 0.5 0.060402684563758385 0.30434782608695654
0 0.7583892617449665 0.4891304347826087 0.053691275167785234 0.32608695652173914
0 0.6073825503355704 0.5 0.060402684563758385 0.34782608695652173
0 0.48657718120805366 0.4782608695652174 0.060402684563758385 0.34782608695652173
0 0.8120805369127516 0.4782608695652174 0.053691275167785234 0.30434782608695654
0 0.35906040268456374 0.46739130434782605 0.0738255033557047 0.3695652173913043
0 0.697986577181208 0.4782608695652174 0.06711409395973154 0.34782608695652173
0 0.5436241610738255 0.5 0.053691275167785234 0.34782608695652173
