0 0.5059523809523809 0.6442307692307693 0.2976190476190476 0.25
0 0.7976190476190476 0.6538461538461539 0.2857142857142857 0.2692307692307693
0 0.20833333333333331 0.6346153846153847 0.2738095238095238 0.2692307692307693
0 0.42857142857142855 0.2980769230769231 0.11904761904761904 0.17307692307692307
0 0.6666666666666666 0.46153846153846156 0.14285714285714285 0.15384615384615385
0 0.4107142857142857 0.44230769230769235 0.13095238095238093 0.15384615384615385
0 0.27976190476190477 0.44230769230769235 0.13095238095238093 0.15384615384615385
0 0.5297619047619048 0.4326923076923077 0.13095238095238093 0.13461538461538464
0 0.2857142857142857 0.2980769230769231 0.11904761904761904 0.17307692307692307
0 0.5773809523809523 0.31730769230769235 0.10714285714285714 0.13461538461538464
0 0.6845238095238095 0.31730769230769235 0.10714285714285714 0.13461538461538464
