0 0.29646017699115046 0.6554054054054055 0.09734513274336283 0.28378378378378377
0 0.7300884955752213 0.6081081081081081 0.09734513274336283 0.2972972972972973
0 0.2079646017699115 0.668918918918919 0.09734513274336283 0.28378378378378377
0 0.6371681415929203 0.6081081081081081 0.08849557522123894 0.2972972972972973
0 0.39823008849557523 0.6418918918918919 0.12389380530973451 0.28378378378378377
0 0.12389380530973451 0.6756756756756757 0.08849557522123894 0.2702702702702703
0 0.827433628318584 0.5945945945945946 0.09734513274336283 0.2972972972972973
0 0.5442477876106194 0.6216216216216217 0.09734513274336283 0.2702702702702703
0 0.6637168141592921 0.3310810810810811 0.07079646017699115 0.22972972972972974
0 0.5973451327433629 0.3310810810810811 0.07964601769911504 0.20270270270270271
0 0.5 0.35135135135135137 0.07964601769911504 0.21621621621621623
