0 0.6111111111111112 0.34065934065934067 0.11111111111111112 0.2197802197802198
0 0.45925925925925926 0.3351648351648352 0.11851851851851852 0.23076923076923078
0 0.837037037037037 0.6373626373626374 0.11851851851851852 0.3076923076923077
0 0.725925925925926 0.3461538461538462 0.11851851851851852 0.23076923076923078
0 0.725925925925926 0.6373626373626374 0.10370370370370371 0.3076923076923077
0 0.5111111111111112 0.631868131868132 0.13333333333333333 0.3186813186813187
0 0.33333333333333337 0.3296703296703297 0.13333333333333333 0.2197802197802198
0 0.2851851851851852 0.6153846153846154 0.11111111111111112 0.3076923076923077
0 0.1851851851851852 0.6098901098901099 0.11851851851851852 0.3186813186813187
0 0.3888888888888889 0.6208791208791209 0.11111111111111112 0.3186813186813187
0 0.6222222222222222 0.6373626373626374 0.10370370370370371 0.3076923076923077
