0 0.847457627118644 0.6282051282051282 0.11864406779661017 0.3333333333333333
0 0.7415254237288136 0.641025641025641 0.11016949152542373 0.3333333333333333
0 0.423728813559322 0.6538461538461539 0.11864406779661017 0.3333333333333333
0 0.6398305084745762 0.641025641025641 0.11016949152542373 0.3333333333333333
0 0.538135593220339 0.6474358974358975 0.11016949152542373 0.34615384615384615
0 0.3220338983050847 0.6602564102564102 0.1016949152542373 0.3205128205128205
0 0.13983050847457626 0.6666666666666666 0.09322033898305085 0.3333333333333333
0 0.2245762711864407 0.6666666666666666 0.09322033898305085 0.3333333333333333
0 0.5466101694915254 0.3205128205128205 0.09322033898305085 0.1794871794871795
0 0.7372881355932204 0.3141025641025641 0.0847457627118644 0.1923076923076923
0 0.6567796610169492 0.3205128205128205 0.07627118644067797 0.1794871794871795
