0 0.41472868217054265 0.6705882352941176 0.1937984496124031 0.2823529411764706
0 0.7829457364341085 0.6470588235294118 0.18604651162790697 0.2823529411764706
0 0.6007751937984496 0.6588235294117647 0.17829457364341084 0.2823529411764706
0 0.22093023255813954 0.6588235294117647 0.1937984496124031 0.2823529411764706
0 0.6627906976744186 0.2588235294117647 0.06976744186046512 0.1411764705882353
0 0.6627906976744186 0.45294117647058824 0.08527131782945736 0.15294117647058825
0 0.7286821705426356 0.2588235294117647 0.06201550387596899 0.1411764705882353
0 0.562015503875969 0.27647058823529413 0.06976744186046512 0.15294117647058825
0 0.4844961240310077 0.27647058823529413 0.06976744186046512 0.15294117647058825
0 0.5658914728682171 0.4588235294117647 0.07751937984496124 0.1411764705882353
0 0.4883720930232558 0.4647058823529412 0.07751937984496124 0.12941176470588234
