0 0.6153846153846154 0.48148148148148145 0.06593406593406594 0.3333333333333333
0 0.771978021978022 0.4722222222222222 0.049450549450549455 0.31481481481481477
0 0.3708791208791209 0.5 0.06043956043956045 0.3333333333333333
0 0.8653846153846154 0.4722222222222222 0.049450549450549455 0.31481481481481477
0 0.42307692307692313 0.5 0.04395604395604396 0.3333333333333333
0 0.7280219780219781 0.4722222222222222 0.049450549450549455 0.31481481481481477
0 0.815934065934066 0.4722222222222222 0.049450549450549455 0.31481481481481477
0 0.4670329670329671 0.5 0.04395604395604396 0.3333333333333333
0 0.5604395604395604 0.48148148148148145 0.04395604395604396 0.3333333333333333
0 0.5164835164835165 0.48148148148148145 0.04395604395604396 0.3333333333333333
0 0.26373626373626374 0.5277777777777778 0.06593406593406594 0.38888888888888884
