0 0.5120481927710844 0.6864406779661016 0.22891566265060243 0.2542372881355932
0 0.28313253012048195 0.6779661016949152 0.22891566265060243 0.23728813559322035
0 0.7409638554216867 0.6864406779661016 0.22891566265060243 0.2542372881355932
0 0.5783132530120483 0.3220338983050847 0.12048192771084337 0.1694915254237288
0 0.355421686746988 0.3220338983050847 0.13253012048192772 0.2033898305084746
0 0.3313253012048193 0.4830508474576271 0.10843373493975904 0.15254237288135594
0 0.22289156626506026 0.4830508474576271 0.10843373493975904 0.15254237288135594
0 0.6927710843373495 0.3220338983050847 0.10843373493975904 0.1694915254237288
0 0.1927710843373494 0.3220338983050847 0.12048192771084337 0.2033898305084746
0 0.43975903614457834 0.4830508474576271 0.10843373493975904 0.1864406779661017
0 0.572289156626506 0.4915254237288136 0.13253012048192772 0.1694915254237288
