0 0.6078431372549019 0.6521739130434783 0.21568627450980393 0.2318840579710145
0 0.8186274509803921 0.6231884057971014 0.20588235294117646 0.2318840579710145
0 0.18627450980392157 0.6956521739130435 0.21568627450980393 0.2318840579710145
0 0.4019607843137255 0.6811594202898551 0.21568627450980393 0.2318840579710145
0 0.642156862745098 0.4565217391304348 0.12745098039215685 0.15942028985507248
0 0.5049019607843137 0.463768115942029 0.10784313725490197 0.17391304347826086
0 0.23039215686274508 0.31884057971014496 0.18627450980392157 0.2028985507246377
0 0.6274509803921569 0.2753623188405797 0.11764705882352941 0.17391304347826086
0 0.4166666666666667 0.30434782608695654 0.12745098039215685 0.2028985507246377
0 0.4117647058823529 0.4855072463768116 0.09803921568627451 0.15942028985507248
0 0.7401960784313726 0.2753623188405797 0.10784313725490197 0.17391304347826086
0 0.3088235294117647 0.5 0.10784313725490197 0.15942028985507248
