0 0.7757009345794392 0.6521739130434783 0.18691588785046728 0.2898550724637681
0 0.5934579439252337 0.6594202898550725 0.17757009345794392 0.2753623188405797
0 0.205607476635514 0.6521739130434783 0.18691588785046728 0.2898550724637681
0 0.40654205607476634 0.6521739130434783 0.19626168224299065 0.2898550724637681
0 0.2757009345794392 0.43478260869565216 0.12149532710280372 0.17391304347826086
0 0.5280373831775701 0.4420289855072464 0.12149532710280372 0.15942028985507248
0 0.6869158878504672 0.4420289855072464 0.1588785046728972 0.18840579710144928
0 0.397196261682243 0.43478260869565216 0.12149532710280372 0.17391304347826086
0 0.4626168224299065 0.2898550724637681 0.08411214953271028 0.14492753623188406
0 0.5747663551401869 0.30434782608695654 0.08411214953271028 0.14492753623188406
0 0.6542056074766355 0.2971014492753623 0.07476635514018691 0.15942028985507248
0 0.35046728971962615 0.2898550724637681 0.08411214953271028 0.14492753623188406
