0 0.753125 0.7241379310344828 0.19375 0.22988505747126436
0 0.55 0.48275862068965514 0.17500000000000002 0.22988505747126436
0 0.55625 0.7068965517241379 0.17500000000000002 0.24137931034482757
0 0.75 0.48275862068965514 0.2 0.22988505747126436
0 0.371875 0.6781609195402298 0.19375 0.22988505747126436
0 0.37812500000000004 0.45977011494252873 0.16875 0.20689655172413793
0 0.1875 0.42528735632183906 0.17500000000000002 0.20689655172413793
0 0.17500000000000002 0.6666666666666666 0.17500000000000002 0.22988505747126436
0 0.525 0.28160919540229884 0.07500000000000001 0.14942528735632182
0 0.634375 0.28735632183908044 0.06875 0.13793103448275862
0 0.7093750000000001 0.29885057471264365 0.08125 0.16091954022988506
