0 0.808695652173913 0.6521739130434783 0.19130434782608696 0.2608695652173913
0 0.5956521739130435 0.6594202898550725 0.2 0.30434782608695654
0 0.2 0.6521739130434783 0.19130434782608696 0.2608695652173913
0 0.4 0.6666666666666666 0.19130434782608696 0.2898550724637681
0 0.7739130434782608 0.34057971014492755 0.08695652173913043 0.21739130434782608
0 0.5652173913043478 0.34782608695652173 0.06956521739130435 0.2028985507246377
0 0.33043478260869563 0.34782608695652173 0.06956521739130435 0.2028985507246377
0 0.4782608695652174 0.34782608695652173 0.06956521739130435 0.2028985507246377
0 0.6869565217391305 0.35507246376811596 0.06956521739130435 0.21739130434782608
0 0.6260869565217392 0.34782608695652173 0.06956521739130435 0.2028985507246377
0 0.24347826086956523 0.3695652173913044 0.08695652173913043 0.21739130434782608
0 0.40869565217391307 0.34782608695652173 0.06956521739130435 0.2028985507246377
