0 0.8303886925795053 0.5277777777777778 0.0636042402826855 0.41666666666666663
0 0.7756183745583038 0.548611111111111 0.06007067137809187 0.4305555555555555
0 0.7173144876325088 0.548611111111111 0.0636042402826855 0.4305555555555555
0 0.8904593639575972 0.5208333333333333 0.0636042402826855 0.40277777777777773
0 0.6413427561837456 0.548611111111111 0.07420494699646643 0.4305555555555555
0 0.3197879858657244 0.5625 0.053003533568904596 0.4305555555555555
0 0.5777385159010601 0.5555555555555556 0.053003533568904596 0.41666666666666663
0 0.42579505300353354 0.5555555555555556 0.053003533568904596 0.38888888888888884
0 0.5353356890459364 0.548611111111111 0.045936395759717315 0.40277777777777773
0 0.4911660777385159 0.548611111111111 0.05653710247349823 0.40277777777777773
0 0.37809187279151946 0.5555555555555556 0.04946996466431095 0.38888888888888884
