0 0.42123287671232873 0.6420454545454546 0.18493150684931506 0.2840909090909091
0 0.5993150684931506 0.6136363636363636 0.17123287671232876 0.2727272727272727
0 0.797945205479452 0.5909090909090909 0.21232876712328766 0.29545454545454547
0 0.2191780821917808 0.6704545454545455 0.2054794520547945 0.29545454545454547
0 0.6746575342465753 0.3693181818181818 0.15753424657534246 0.19318181818181818
0 0.5445205479452054 0.3806818181818182 0.11643835616438356 0.2159090909090909
0 0.297945205479452 0.42045454545454547 0.11643835616438356 0.20454545454545456
0 0.4178082191780822 0.39772727272727276 0.1232876712328767 0.20454545454545456
0 0.6438356164383561 0.20454545454545456 0.0547945205479452 0.13636363636363635
0 0.5102739726027397 0.2272727272727273 0.06164383561643835 0.13636363636363635
0 0.5924657534246575 0.20454545454545456 0.06164383561643835 0.13636363636363635
