0 0.7295918367346939 0.6031746031746031 0.19387755102040816 0.25396825396825395
0 0.17346938775510204 0.6190476190476191 0.18367346938775508 0.2857142857142857
0 0.5459183673469388 0.6190476190476191 0.19387755102040816 0.25396825396825395
0 0.3571428571428571 0.6190476190476191 0.18367346938775508 0.25396825396825395
0 0.6173469387755102 0.4206349206349206 0.13265306122448978 0.14285714285714285
0 0.3010204081632653 0.42857142857142855 0.11224489795918366 0.15873015873015872
0 0.39795918367346933 0.42857142857142855 0.1020408163265306 0.15873015873015872
0 0.49999999999999994 0.42857142857142855 0.1020408163265306 0.15873015873015872
0 0.35204081632653056 0.30158730158730157 0.11224489795918366 0.12698412698412698
0 0.5918367346938775 0.2857142857142857 0.061224489795918366 0.12698412698412698
0 0.5357142857142857 0.2857142857142857 0.07142857142857142 0.12698412698412698
0 0.44897959183673464 0.30158730158730157 0.08163265306122448 0.12698412698412698
