0 0.7925531914893617 0.6415094339622641 0.20212765957446807 0.3018867924528302
0 0.6063829787234042 0.6415094339622641 0.19148936170212766 0.2641509433962264
0 0.23936170212765956 0.6415094339622641 0.20212765957446807 0.2641509433962264
0 0.4308510638297872 0.6415094339622641 0.18085106382978722 0.2641509433962264
0 0.6861702127659575 0.4528301886792453 0.13829787234042554 0.1509433962264151
0 0.5478723404255319 0.4528301886792453 0.11702127659574468 0.1509433962264151
0 0.4308510638297872 0.4528301886792453 0.11702127659574468 0.1509433962264151
0 0.3191489361702128 0.4528301886792453 0.1276595744680851 0.1509433962264151
0 0.5744680851063829 0.32075471698113206 0.0851063829787234 0.1509433962264151
0 0.7340425531914894 0.32075471698113206 0.0851063829787234 0.18867924528301885
0 0.6542553191489362 0.32075471698113206 0.07446808510638298 0.1509433962264151
