0 0.7525252525252526 0.7016129032258064 0.25252525252525254 0.24193548387096775
0 0.37373737373737376 0.5 0.16161616161616163 0.1935483870967742
0 0.5454545454545455 0.4838709677419355 0.18181818181818182 0.1935483870967742
0 0.20202020202020204 0.5 0.18181818181818182 0.1935483870967742
0 0.2474747474747475 0.7096774193548387 0.25252525252525254 0.22580645161290322
0 0.5 0.7096774193548387 0.23232323232323235 0.22580645161290322
0 0.47979797979797983 0.31451612903225806 0.17171717171717174 0.1774193548387097
0 0.7626262626262627 0.49193548387096775 0.23232323232323235 0.2096774193548387
0 0.24242424242424243 0.31451612903225806 0.24242424242424243 0.1774193548387097
0 0.6616161616161617 0.3064516129032258 0.13131313131313133 0.16129032258064516
0 0.8030303030303031 0.29838709677419356 0.13131313131313133 0.1774193548387097
