0 0.3328025477707007 0.6257861635220127 0.10509554140127389 0.4591194968553459
0 0.23248407643312102 0.628930817610063 0.10191082802547771 0.4528301886792453
0 0.44745222929936307 0.628930817610063 0.14331210191082802 0.4528301886792453
0 0.7691082802547771 0.6320754716981133 0.10509554140127389 0.44654088050314467
0 0.5605095541401274 0.6352201257861636 0.10191082802547771 0.4528301886792453
0 0.6640127388535032 0.6383647798742139 0.10509554140127389 0.44654088050314467
0 0.6162420382165605 0.22641509433962265 0.10509554140127389 0.2389937106918239
0 0.8773885350318472 0.6352201257861636 0.11146496815286625 0.4528301886792453
0 0.1321656050955414 0.628930817610063 0.10509554140127389 0.4528301886792453
0 0.7229299363057325 0.22641509433962265 0.10828025477707007 0.25157232704402516
0 0.445859872611465 0.2169811320754717 0.11464968152866242 0.24528301886792453
0 0.304140127388535 0.2358490566037736 0.13694267515923567 0.29559748427672955
