0 0.19711538461538464 0.6567164179104478 0.20192307692307693 0.26865671641791045
0 0.7596153846153847 0.664179104477612 0.19230769230769232 0.2835820895522388
0 0.38461538461538464 0.6492537313432836 0.19230769230769232 0.2537313432835821
0 0.5721153846153847 0.664179104477612 0.1826923076923077 0.2835820895522388
0 0.514423076923077 0.47014925373134325 0.125 0.16417910447761194
0 0.6538461538461539 0.4626865671641791 0.13461538461538464 0.14925373134328357
0 0.28365384615384615 0.3208955223880597 0.14423076923076925 0.16417910447761194
0 0.3942307692307693 0.4626865671641791 0.11538461538461539 0.14925373134328357
0 0.27884615384615385 0.4626865671641791 0.11538461538461539 0.14925373134328357
0 0.4326923076923077 0.3208955223880597 0.13461538461538464 0.16417910447761194
0 0.576923076923077 0.30597014925373134 0.13461538461538464 0.16417910447761194
0 0.7067307692307693 0.3208955223880597 0.125 0.19402985074626866
