0 0.19230769230769232 0.6893939393939394 0.21153846153846156 0.2272727272727273
0 0.3942307692307693 0.6893939393939394 0.21153846153846156 0.2272727272727273
0 0.6009615384615385 0.6818181818181819 0.20192307692307693 0.24242424242424243
0 0.7451923076923077 0.29545454545454547 0.10576923076923078 0.19696969696969696
0 0.4326923076923077 0.3181818181818182 0.11538461538461539 0.18181818181818182
0 0.8076923076923077 0.6818181818181819 0.21153846153846156 0.24242424242424243
0 0.6442307692307693 0.30303030303030304 0.09615384615384616 0.18181818181818182
0 0.25480769230769235 0.3181818181818182 0.16346153846153846 0.18181818181818182
0 0.4134615384615385 0.4772727272727273 0.09615384615384616 0.16666666666666669
0 0.514423076923077 0.4772727272727273 0.10576923076923078 0.16666666666666669
0 0.6490384615384616 0.48484848484848486 0.125 0.18181818181818182
0 0.31730769230769235 0.48484848484848486 0.09615384615384616 0.15151515151515152
