0 0.7889908256880734 0.6458333333333333 0.2018348623853211 0.2638888888888889
0 0.41284403669724773 0.6527777777777778 0.1834862385321101 0.2777777777777778
0 0.591743119266055 0.6527777777777778 0.1926605504587156 0.2777777777777778
0 0.22935779816513763 0.6527777777777778 0.1834862385321101 0.2777777777777778
0 0.41284403669724773 0.4444444444444444 0.12844036697247707 0.16666666666666666
0 0.3807339449541285 0.2986111111111111 0.10091743119266056 0.15277777777777776
0 0.28440366972477066 0.4444444444444444 0.12844036697247707 0.16666666666666666
0 0.536697247706422 0.4375 0.13761467889908258 0.15277777777777776
0 0.481651376146789 0.3055555555555555 0.08256880733944955 0.1388888888888889
0 0.6880733944954129 0.45138888888888884 0.1651376146788991 0.18055555555555555
0 0.6651376146788991 0.2986111111111111 0.08256880733944955 0.15277777777777776
0 0.5825688073394496 0.2986111111111111 0.08256880733944955 0.125
