0 0.801980198019802 0.6384615384615385 0.1782178217821782 0.3230769230769231
0 0.6188118811881188 0.6461538461538462 0.16831683168316833 0.3076923076923077
0 0.4306930693069307 0.6615384615384616 0.2079207920792079 0.3076923076923077
0 0.21782178217821782 0.6615384615384616 0.19801980198019803 0.3076923076923077
0 0.6485148514851485 0.4307692307692308 0.10891089108910891 0.18461538461538463
0 0.4603960396039604 0.43846153846153846 0.0891089108910891 0.16923076923076924
0 0.3712871287128713 0.43846153846153846 0.0891089108910891 0.13846153846153847
0 0.31683168316831684 0.30000000000000004 0.09900990099009901 0.16923076923076924
0 0.4504950495049505 0.2846153846153846 0.0891089108910891 0.16923076923076924
0 0.2821782178217822 0.4538461538461539 0.0891089108910891 0.13846153846153847
0 0.6237623762376238 0.27692307692307694 0.07920792079207921 0.18461538461538463
0 0.5445544554455446 0.2846153846153846 0.07920792079207921 0.16923076923076924
0 0.6881188118811882 0.2846153846153846 0.06930693069306931 0.16923076923076924
