0 0.21666666666666667 0.7102803738317757 0.17777777777777778 0.29906542056074764
0 0.41111111111111115 0.6915887850467289 0.18888888888888888 0.29906542056074764
0 0.8111111111111111 0.6542056074766355 0.18888888888888888 0.29906542056074764
0 0.6083333333333334 0.6682242990654205 0.19444444444444445 0.2897196261682243
0 0.4027777777777778 0.42990654205607476 0.1277777777777778 0.205607476635514
0 0.7055555555555556 0.3925233644859813 0.17777777777777778 0.205607476635514
0 0.27222222222222225 0.4392523364485981 0.12222222222222223 0.205607476635514
0 0.5388888888888889 0.4158878504672897 0.12222222222222223 0.21495327102803738
0 0.55 0.2289719626168224 0.06666666666666667 0.12149532710280372
0 0.6416666666666667 0.21962616822429906 0.061111111111111116 0.12149532710280372
0 0.7111111111111111 0.2102803738317757 0.06666666666666667 0.12149532710280372
