0 0.41899441340782123 0.6369047619047619 0.1340782122905028 0.3214285714285714
0 0.547486033519553 0.6190476190476191 0.1005586592178771 0.30952380952380953
0 0.835195530726257 0.6428571428571428 0.10614525139664804 0.3571428571428571
0 0.5977653631284916 0.2857142857142857 0.0782122905027933 0.21428571428571427
0 0.6396648044692738 0.6190476190476191 0.09497206703910614 0.3333333333333333
0 0.13966480446927373 0.6488095238095237 0.1005586592178771 0.39285714285714285
0 0.6927374301675978 0.2857142857142857 0.0670391061452514 0.21428571428571427
0 0.7318435754189945 0.6190476190476191 0.1005586592178771 0.3333333333333333
0 0.7569832402234637 0.2857142857142857 0.07262569832402235 0.23809523809523808
0 0.22067039106145253 0.6428571428571428 0.09497206703910614 0.38095238095238093
0 0.31005586592178774 0.6428571428571428 0.09497206703910614 0.3333333333333333
