0 0.19607843137254902 0.6328125 0.19607843137254902 0.265625
0 0.7843137254901961 0.6640625 0.19607843137254902 0.265625
0 0.5882352941176471 0.65625 0.19607843137254902 0.25
0 0.3872549019607843 0.6484375 0.18627450980392157 0.265625
0 0.4264705882352941 0.4296875 0.10784313725490197 0.171875
0 0.3088235294117647 0.4296875 0.10784313725490197 0.171875
0 0.5343137254901961 0.4375 0.10784313725490197 0.15625
0 0.6862745098039216 0.4453125 0.13725490196078433 0.171875
0 0.6372549019607843 0.3203125 0.058823529411764705 0.109375
0 0.7009803921568627 0.3203125 0.06862745098039216 0.109375
0 0.5686274509803921 0.3046875 0.058823529411764705 0.109375
