0 0.431547619047619 0.6466666666666667 0.19642857142857142 0.4133333333333334
0 0.23214285714285712 0.6533333333333333 0.20238095238095238 0.4
0 0.8333333333333333 0.6333333333333334 0.20238095238095238 0.3866666666666667
0 0.6309523809523809 0.6333333333333334 0.20238095238095238 0.3866666666666667
0 0.25297619047619047 0.34 0.08928571428571427 0.28
0 0.7113095238095237 0.30000000000000004 0.06547619047619047 0.22666666666666668
0 0.7916666666666666 0.30000000000000004 0.08333333333333333 0.22666666666666668
0 0.6488095238095237 0.30000000000000004 0.05952380952380952 0.22666666666666668
0 0.5863095238095237 0.30000000000000004 0.06547619047619047 0.22666666666666668
0 0.3363095238095238 0.32666666666666666 0.07738095238095238 0.25333333333333335
0 0.42857142857142855 0.32 0.07142857142857142 0.21333333333333335
0 0.49107142857142855 0.32 0.06547619047619047 0.21333333333333335
