0 0.48823529411764705 0.6119402985074627 0.11764705882352941 0.3582089552238806
0 0.6058823529411764 0.6119402985074627 0.09411764705882353 0.3582089552238806
0 0.5117647058823529 0.29850746268656714 0.10588235294117647 0.208955223880597
0 0.6911764705882353 0.6119402985074627 0.08823529411764705 0.3582089552238806
0 0.6176470588235294 0.30597014925373134 0.09411764705882353 0.22388059701492538
0 0.38529411764705884 0.6119402985074627 0.08823529411764705 0.3582089552238806
0 0.8558823529411764 0.6194029850746269 0.08823529411764705 0.34328358208955223
0 0.37941176470588234 0.31343283582089554 0.11176470588235293 0.23880597014925373
0 0.7735294117647059 0.6119402985074627 0.08823529411764705 0.3582089552238806
0 0.3029411764705882 0.6044776119402985 0.08823529411764705 0.34328358208955223
0 0.7088235294117647 0.30597014925373134 0.07647058823529412 0.19402985074626866
0 0.22058823529411764 0.6119402985074627 0.07647058823529412 0.3582089552238806
0 0.25 0.29850746268656714 0.13529411764705881 0.26865671641791045
